142865483
86.02632251809027 15.325093589606107
85.02632456929376 15.323068150697383
84.02632662049724 15.321042711788659
83.02632867170074 15.319017272879933
82.02633072290423 15.316991833971208
81.02633277410771 15.314966395062484
80.02633482531121 15.31294095615376
79.0263368765147 15.310915517245036
78.02633892771819 15.30889007833631
77.02634097892168 15.306864639427586
76.02634303012516 15.304839200518861
75.02634508132866 15.302813761610137
74.02634713253215 15.300788322701413
73.02634918373565 15.298762883792687
72.02635123493913 15.296737444883963
71.02635328614262 15.294712005975239
70.0263553373461 15.292686567066514
69.0263573885496 15.29066112815779
68.0263594397531 15.288635689249064
67.02636149095659 15.28661025034034
66.02636354216007 15.284584811431616
65.02636559336356 15.282559372522892
64.02636764456705 15.280533933614167
63.02636969577054 15.278508494705441
62.026371746974036 15.276483055796717
61.02637379817752 15.274457616887993
60.02637584938101 15.272432177979269
59.02637790058451 15.270406739070545
58.02637995178799 15.268381300161819
57.02638200299148 15.266355861253095
56.02638405419498 15.26433042234437
55.026386105398466 15.262304983435646
54.02638815660195 15.260279544526922
53.02639020780544 15.258254105618196
52.02639225900894 15.256228666709472
51.026394310212424 15.254203227800748
50.02639636141591 15.252177788892023
49.0263984126194 15.2501523499833
48.026400463822895 15.248126911074573
47.02640251502638 15.246101472165849
46.02640456622987 15.244076033257125
45.026406617433366 15.2420505943484
44.026408668636854 15.240025155439676
43.02641071984035 15.23799971653095
42.02641277104384 15.235974277622226
41.026414822247325 15.233948838713502
40.02641687345082 15.231923399804778
39.0264189246543 15.229897960896054
38.026420975857796 15.227872521987328
37.02642302706129 15.225847083078603
36.02642507826477 15.22382164416988
35.02642712946827 15.221796205261155
34.02642918067176 15.21977076635243
33.02643123187524 15.217745327443705
32.02643328307874 15.21571988853498
31.026435334282226 15.213694449626256
30.026437385485714 15.211669010717532
29.02643943668921 15.209643571808808
28.026441487892697 15.207618132900082
27.026443539096192 15.205592693991358
26.02644559029968 15.203567255082634
25.026447641503168 15.20154181617391
24.026449692706663 15.199516377265185
23.026451743910144 15.19749093835646
22.02645379511364 15.195465499447735
21.026455846317134 15.193440060539011
20.026457897520615 15.191414621630287
19.02645994872411 15.189389182721563
18.026461999927605 15.187363743812837
17.026464051131086 15.185338304904112
16.02646610233458 15.183312865995388
15.026468153538062 15.181287427086664
14.026470204741557 15.17926198817794
13.026472255945052 15.177236549269214
12.026474307148533 15.17521111036049
11.026476358352028 15.173185671451765
10.026478409555523 15.171160232543041
9.026480460759004 15.169134793634317
8.026482511962499 15.167109354725591
7.026484563165994 15.165083915816867
6.026486614369475 15.163058476908143
5.02648866557297 15.161033037999418
4.026490716776465 15.159007599090694
3.566833518090268 15.15807658960611

-142865483
3.5597444819097324 18.658069410393892
4.559742430706242 18.660094849302617
5.5597403795027525 18.66212028821134
6.559738328299262 18.664145727120065
7.559736277095771 18.66617116602879
8.559734225892282 18.668196604937517
9.559732174688792 18.67022204384624
10.559730123485302 18.672247482754965
11.55972807228181 18.67427292166369
12.55972602107832 18.676298360572414
13.559723969874831 18.678323799481138
14.55972191867134 18.680349238389862
15.55971986746785 18.682374677298586
16.55971781626436 18.68440011620731
17.559715765060872 18.686425555116035
18.55971371385738 18.688450994024763
19.55971166265389 18.690476432933487
20.559709611450398 18.69250187184221
21.55970756024691 18.694527310750935
22.559705509043418 18.69655274965966
23.55970345783993 18.698578188568383
24.55970140663644 18.700603627477108
25.559699355432947 18.702629066385832
26.559697304229456 18.704654505294556
27.559695253025968 18.70667994420328
28.55969320182248 18.708705383112008
29.559691150618985 18.710730822020732
30.559689099415497 18.712756260929456
31.55968704821201 18.71478169983818
32.55968499700852 18.716807138746905
33.55968294580503 18.71883257765563
34.559680894601534 18.720858016564353
35.559678843398046 18.722883455473077
36.55967679219456 18.7249088943818
37.55967474099106 18.726934333290526
38.559672689787575 18.728959772199254
39.55967063858409 18.730985211107978
40.5596685873806 18.733010650016702
41.559666536177104 18.735036088925426
42.55966448497362 18.73706152783415
43.55966243377013 18.739086966742875
44.55966038256663 18.7411124056516
45.559658331363146 18.743137844560323
46.55965628015965 18.745163283469047
47.55965422895616 18.74718872237777
48.559652177752675 18.7492141612865
49.55965012654918 18.751239600195223
50.5596480753457 18.753265039103947
51.559646024142204 18.75529047801267
52.55964397293871 18.757315916921396
53.55964192173523 18.75934135583012
54.55963987053173 18.761366794738844
55.55963781932824 18.76339223364757
56.55963576812476 18.765417672556293
57.55963371692126 18.767443111465017
58.559631665717774 18.769468550373745
59.559629614514286 18.77149398928247
60.55962756331079 18.773519428191193
61.5596255121073 18.775544867099917
62.55962346090381 18.77757030600864
63.55962140970032 18.779595744917366
64.55961935849683 18.78162118382609
65.55961730729334 18.783646622734814
66.55961525608986 18.785672061643538
67.55961320488636 18.787697500552262
68.55961115368287 18.78972293946099
69.55960910247939 18.791748378369714
70.55960705127589 18.79377381727844
71.5596050000724 18.795799256187163
72.55960294886891 18.797824695095887
73.55960089766542 18.79985013400461
74.55959884646194 18.801875572913335
75.55959679525844 18.80390101182206
76.55959474405495 18.805926450730784
77.55959269285147 18.807951889639508
78.55959064164797 18.809977328548236
79.55958859044448 18.81200276745696
80.559586539241 18.814028206365684
81.5595844880375 18.81605364527441
82.559582436834 18.818079084183132
83.55958038563053 18.820104523091857
84.55957833442703 18.82212996200058
85.55957628322354 18.824155400909305
86.01923348190974 18.82508641039389

142865550
-77.16676281837225 -37.487445258894084
-76.17593839488316 -37.35228993410994
-75.18511397139406 -37.2171346093258
-74.19428954790497 -37.08197928454165
-73.20346512441589 -36.9468239597575
-72.21264070092678 -36.81166863497336
-71.2218162774377 -36.676513310189215
-70.23099185394861 -36.54135798540507
-69.24016743045951 -36.40620266062093
-68.24934300697042 -36.27104733583678
-67.25851858348132 -36.13589201105263
-66.26769415999223 -36.00073668626849
-65.27686973650314 -35.865581361484345
-64.28604531301404 -35.7304260367002
-63.295220889524956 -35.59527071191606
-62.30439646603586 -35.460115387131914
-61.31357204254677 -35.32496006234777
-60.32274761905768 -35.18980473756362
-59.331923195568585 -35.054649412779476
-58.34109877207949 -34.91949408799533
-57.3502743485904 -34.78433876321119
-56.3594499251013 -34.649183438427045
-55.368625501612215 -34.5140281136429
-54.37780107812313 -34.37887278885876
-53.386976654634026 -34.24371746407461
-52.39615223114494 -34.10856213929046
-51.405327807655844 -33.97340681450632
-51.241299818372255 -33.95103225889409

-142865550
-50.76825618162775 -37.418917741105915
-51.75908060511684 -37.55407306589006
-52.74990502860593 -37.6892283906742
-53.740729452095024 -37.824383715458346
-54.73155387558412 -37.9595390402425
-55.72237829907321 -38.09469436502664
-56.7132027225623 -38.229849689810784
-57.704027146051395 -38.36500501459493
-58.69485156954049 -38.50016033937907
-59.68567599302958 -38.635315664163215
-60.67650041651867 -38.770470988947366
-61.667324840007765 -38.90562631373151
-62.65814926349686 -39.040781638515654
-63.648973686985954 -39.1759369632998
-64.63979811047504 -39.31109228808394
-65.63062253396413 -39.446247612868085
-66.62144695745323 -39.58140293765223
-67.61227138094232 -39.71655826243638
-68.6030958044314 -39.85171358722052
-69.5939202279205 -39.98686891200467
-70.5847446514096 -40.12202423678881
-71.5755690748987 -40.257179561572954
-72.56639349838778 -40.3923348863571
-73.55721792187687 -40.52749021114124
-74.54804234536597 -40.66264553592539
-75.53886676885506 -40.797800860709536
-76.52969119234416 -40.93295618549368
-76.69371918162774 -40.95533074110591

142865553
-77.57922693103019 73.33806798918373
-76.58765093721092 73.46759423548669
-75.59607494339166 73.59712048178964
-74.60449894957239 73.7266467280926
-73.61292295575313 73.85617297439556
-72.62134696193387 73.98569922069854
-71.6297709681146 74.1152254670015
-70.63819497429533 74.24475171330445
-69.64661898047606 74.37427795960741
-68.6550429866568 74.50380420591037
-67.66346699283753 74.63333045221333
-66.67189099901827 74.76285669851629
-65.680315005199 74.89238294481925
-64.68873901137974 75.0219091911222
-63.69716301756047 75.15143543742518
-62.7055870237412 75.28096168372814
-61.714011029921934 75.4104879300311
-60.72243503610267 75.54001417633405
-59.730859042283406 75.66954042263701
-58.739283048464145 75.79906666893997
-57.74770705464488 75.92859291524293
-56.75613106082561 76.05811916154589
-55.76455506700634 76.18764540784885
-54.772979073187074 76.3171716541518
-53.838373931030176 76.43925598918372

-142865553
-53.38503206896982 72.96874001081628
-54.37660806278909 72.83921376451332
-55.36818405660835 72.70968751821036
-56.35976005042762 72.5801612719074
-57.351336044246885 72.45063502560444
-58.34291203806615 72.32110877930147
-59.334488031885414 72.19158253299851
-60.32606402570468 72.06205628669555
-61.31764001952395 71.93253004039259
-62.30921601334322 71.80300379408963
-63.30079200716248 71.67347754778667
-64.29236800098175 71.54395130148372
-65.283943994801 71.41442505518076
-66.27551998862027 71.2848988088778
-67.26709598243954 71.15537256257483
-68.25867197625881 71.02584631627187
-69.25024797007808 70.89632006996891
-70.24182396389735 70.76679382366595
-71.23339995771661 70.63726757736299
-72.22497595153587 70.50774133106003
-73.21655194535514 70.37821508475707
-74.2081279391744 70.24868883845411
-75.19970393299367 70.11916259215116
-76.19127992681294 69.98963634584818
-77.12588506896982 69.86755201081628

99829039_1
-0.3302067279251646 -176.93558299059862
-0.3469827225529503 -175.93572371749852
-0.36375871718073605 -174.93586444439842
-0.3805347118085217 -173.93600517129835
-0.39731070643630745 -172.93614589819825
-0.4140867010640932 -171.93628662509815
-0.4308626956918789 -170.93642735199805
-0.44763869031966463 -169.93656807889795
-0.4644146849474503 -168.93670880579788
-0.48119067957523604 -167.93684953269778
-0.49796667420302176 -166.93699025959768
-0.5147426688308074 -165.93713098649758
-0.5315186634585932 -164.93727171339748
-0.5482946580863789 -163.9374124402974
-0.5650706527141647 -162.9375531671973
-0.5818466473419504 -161.9376938940972
-0.598622641969736 -160.9378346209971
-0.6153986365975217 -159.937975347897
-0.6321746312253075 -158.93811607479694
-0.6489506258530933 -157.93825680169684
-0.6657266204808789 -156.93839752859674
-0.6825026151086646 -155.93853825549664
-0.6992786097364503 -154.93867898239654
-0.7160546043642361 -153.93881970929647
-0.7328305989920219 -152.93896043619637
-0.7496065936198075 -151.93910116309627
-0.7663825882475932 -150.93924188999617
-0.783158582875379 -149.93938261689607
-0.7999345775031647 -148.939523343796
-0.8167105721309504 -147.9396640706959
-0.8334865667587361 -146.9398047975958
-0.8502625613865219 -145.9399455244957
-0.8670385560143075 -144.9400862513956
-0.8838145506420932 -143.94022697829553
-0.9005905452698789 -142.94036770519543
-0.9173665398976647 -141.94050843209533
-0.9341425345254504 -140.94064915899523
-0.9509185291532362 -139.94078988589513
-0.9676945237810218 -138.94093061279506
-0.9844705184088075 -137.94107133969496
-1.0012465130365933 -136.94121206659486
-1.018022507664379 -135.94135279349476
-1.0347985022921646 -134.94149352039466
-1.0515744969199505 -133.9416342472946
-1.068350491547736 -132.9417749741945
-1.0851264861755219 -131.9419157010944
-1.1019024808033075 -130.9420564279943
-1.1186784754310932 -129.9421971548942
-1.1354544700588791 -128.94233788179412
-1.1522304646866648 -127.942478608694
-1.1690064593144505 -126.94261933559392
-1.1857824539422361 -125.94276006249382
-1.2025584485700218 -124.94290078939372
-1.2193344431978077 -123.94304151629363
-1.2361104378255934 -122.94318224319353
-1.252886432453379 -121.94332297009345
-1.2696624270811647 -120.94346369699335
-1.2743227279251645 -120.66570699059862

-99829039_1
2.2251847279251646 -120.60699100940137
2.2419607225529505 -121.60685028250147
2.258736717180736 -122.60670955560155
2.275512711808522 -123.60656882870165
2.2922887064363073 -124.60642810180174
2.3090647010640932 -125.60628737490184
2.3258406956918787 -126.60614664800194
2.3426166903196646 -127.60600592110202
2.3593926849474505 -128.60586519420212
2.376168679575236 -129.60572446730222
2.392944674203022 -130.60558374040232
2.4097206688308073 -131.6054430135024
2.426496663458593 -132.6053022866025
2.4432726580863786 -133.6051615597026
2.4600486527141645 -134.6050208328027
2.4768246473419504 -135.6048801059028
2.493600641969736 -136.60473937900287
2.5103766365975217 -137.60459865210296
2.527152631225307 -138.60445792520306
2.543928625853093 -139.60431719830316
2.5607046204808785 -140.60417647140326
2.5774806151086644 -141.60403574450334
2.5942566097364503 -142.60389501760343
2.611032604364236 -143.60375429070353
2.6278085989920217 -144.60361356380363
2.644584593619807 -145.60347283690373
2.661360588247593 -146.6033321100038
2.6781365828753785 -147.6031913831039
2.6949125775031644 -148.603050656204
2.7116885721309503 -149.6029099293041
2.7284645667587357 -150.6027692024042
2.7452405613865216 -151.60262847550428
2.762016556014307 -152.60248774860437
2.778792550642093 -153.60234702170447
2.7955685452698784 -154.60220629480457
2.8123445398976643 -155.60206556790467
2.82912053452545 -156.60192484100475
2.8458965291532357 -157.60178411410485
2.862672523781021 -158.60164338720494
2.879448518408807 -159.60150266030504
2.896224513036593 -160.60136193340514
2.9130005076643783 -161.60122120650522
2.9297765022921642 -162.60108047960532
2.94655249691995 -163.60093975270541
2.9633284915477356 -164.60079902580551
2.9801044861755215 -165.6006582989056
2.996880480803307 -166.60051757200569
3.013656475431093 -167.60037684510579
3.0304324700588783 -168.60023611820588
3.047208464686664 -169.60009539130598
3.06398445931445 -170.59995466440608
3.0807604539422355 -171.59981393750616
3.0975364485700214 -172.59967321060626
3.114312443197807 -173.59953248370635
3.1310884378255928 -174.59939175680645
3.147864432453378 -175.59925102990655
3.164640427081164 -176.59911030300663
3.1693007279251644 -176.8768670094014

99829041_1
59.170036629806 177.36313149607858
58.17096948470804 177.319947707618
57.17190233961007 177.27676391915745
56.17283519451211 177.23358013069688
55.17376804941415 177.19039634223628
54.17470090431619 177.14721255377572
53.17563375921823 177.10402876531515
52.17656661412026 177.06084497685458
51.1774994690223 177.01766118839402
50.17843232392434 176.97447739993345
49.17936517882637 176.93129361147288
48.18029803372841 176.8881098230123
47.18123088863045 176.84492603455172
46.18216374353249 176.80174224609115
45.18309659843453 176.75855845763058
44.184029453336564 176.71537466917002
43.1849623082386 176.67219088070945
42.18589516314064 176.62900709224888
41.186828018042675 176.5858233037883
40.187760872944715 176.54263951532772
39.188693727846754 176.49945572686715
38.189626582748794 176.4562719384066
37.19055943765083 176.41308814994602
36.191492292552866 176.36990436148545
35.192425147454905 176.3267205730249
34.193358002356945 176.2835367845643
33.19429085725898 176.24035299610372
32.195223712161024 176.19716920764316
31.196156567063056 176.1539854191826
30.197089421965092 176.11080163072202
29.198022276867135 176.06761784226146
28.198955131769168 176.0244340538009
27.199887986671207 175.9812502653403
26.200820841573247 175.93806647687973
25.201753696475286 175.89488268841916
24.202686551377326 175.8516988999586
23.20361940627936 175.80851511149802
22.204552261181398 175.76533132303746
21.20548511608343 175.7221475345769
20.20641797098547 175.6789637461163
19.20735082588751 175.63577995765573
18.20828368078955 175.59259616919516
17.20921653569159 175.5494123807346
16.21014939059362 175.50622859227403
15.21108224549566 175.46304480381346
14.2120151003977 175.4198610153529
13.212947955299732 175.3766772268923
12.213880810201779 175.33349343843173
11.214813665103812 175.29030964997116
10.215746520005851 175.2471258615106
9.21667937490789 175.20394207305003
8.217612229809923 175.16075828458946
7.2185450847119625 175.1175744961289
6.219477939614002 175.0743907076683
5.220410794516042 175.03120691920773
4.221343649418081 174.98802313074717
3.2222765043201136 174.9448393422866
2.223209359222153 174.90165555382603
1.6380716298059994 174.87636349607857

-99829041_1
1.4869283701940006 178.37309850392143
2.485995515291963 178.416282292382
3.485062660389925 178.45946608084256
4.484129805487887 178.50264986930313
5.4831969505858495 178.54583365776372
6.482264095683812 178.5890174462243
7.481331240781774 178.63220123468486
8.480398385879736 178.67538502314542
9.479465530977699 178.718568811606
10.47853267607566 178.76175260006656
11.477599821173623 178.80493638852712
12.476666966271585 178.84812017698772
13.475734111369547 178.8913039654483
14.47480125646751 178.93448775390885
15.473868401565472 178.97767154236942
16.472935546663432 179.02085533083
17.472002691761396 179.06403911929056
18.471069836859357 179.10722290775112
19.47013698195732 179.15040669621172
20.469204127055285 179.19359048467228
21.468271272153245 179.23677427313285
22.467338417251206 179.27995806159342
23.46640556234917 179.323141850054
24.465472707447134 179.36632563851455
25.464539852545094 179.40950942697512
26.463606997643055 179.45269321543572
27.46267414274102 179.49587700389628
28.46174128783898 179.53906079235685
29.460808432936943 179.58224458081742
30.459875578034907 179.62542836927798
31.458942723132864 179.66861215773855
32.45800986823083 179.71179594619912
33.45707701332879 179.7549797346597
34.45614415842675 179.79816352312028
35.45521130352471 179.84134731158085
36.454278448622674 179.88453110004141
37.45334559372064 179.92771488850198
38.4524127388186 179.97089867696255
39.45147988391657 180.01408246542312
40.45054702901453 180.0572662538837
41.44961417411249 180.10045004234428
42.44868131921045 180.14363383080484
43.44774846430841 180.1868176192654
44.44681560940638 180.23000140772598
45.44588275450434 180.27318519618655
46.4449498996023 180.3163689846471
47.44401704470027 180.3595527731077
48.44308418979822 180.40273656156828
49.44215133489619 180.44592035002884
50.44121847999415 180.4891041384894
51.44028562509211 180.53228792694998
52.43935277019008 180.57547171541054
53.43841991528804 180.6186555038711
54.437487060386 180.6618392923317
55.43655420548396 180.70502308079227
56.43562135058192 180.74820686925284
57.434688495679886 180.7913906577134
58.43375564077785 180.83457444617397
59.018893370194 180.85986650392144

99829041_2
-6.382333035965626 174.5888421524397
-7.381927806000086 174.56037645870578
-8.381522576034547 174.53191076497185
-9.381117346069008 174.5034450712379
-10.380712116103467 174.47497937750398
-11.380306886137928 174.44651368377006
-12.37990165617239 174.41804799003614
-13.37949642620685 174.3895822963022
-14.37909119624131 174.36111660256827
-15.378685966275771 174.33265090883435
-16.37828073631023 174.30418521510043
-17.377875506344694 174.27571952136648
-18.377470276379153 174.24725382763256
-19.377065046413612 174.21878813389864
-20.376659816448075 174.19032244016472
-21.37625458648253 174.16185674643077
-22.375849356516994 174.13339105269685
-23.375444126551454 174.10492535896293
-24.375038896585917 174.076459665229
-25.374633666620376 174.04799397149506
-26.374228436654835 174.01952827776114
-27.3738232066893 173.99106258402722
-28.373417976723758 173.9625968902933
-29.373012746758217 173.93413119655935
-30.37260751679268 173.90566550282543
-31.37220228682714 173.8771998090915
-32.3717970568616 173.8487341153576
-33.37139182689606 173.82026842162364
-34.37098659693052 173.79180272788972
-35.370581366964984 173.7633370341558
-36.37017613699944 173.73487134042188
-37.3697709070339 173.70640564668795
-38.36936567706836 173.677939952954
-39.36896044710282 173.64947425922009
-40.368555217137285 173.62100856548616
-41.36814998717175 173.59254287175224
-42.36774475720621 173.5640771780183
-43.367339527240674 173.53561148428437
-44.36693429727512 173.50714579055045
-45.366529067309585 173.47868009681653
-46.36612383734405 173.45021440308258
-47.36571860737851 173.42174870934866
-48.365313377412974 173.39328301561474
-49.36490814744742 173.36481732188082
-50.364502917481886 173.33635162814687
-51.36409768751635 173.30788593441295
-52.36369245755081 173.27942024067903
-53.363287227585275 173.2509545469451
-54.36288199761974 173.22248885321116
-55.3624767676542 173.19402315947724
-56.36207153768865 173.16555746574332
-57.36166630772311 173.1370917720094
-58.361261077757575 173.10862607827545
-59.36085584779204 173.08016038454153
-60.3604506178265 173.0516946908076
-61.360045387860964 173.0232289970737
-62.35964015789543 172.99476330333974
-63.359234927929876 172.96629760960582
-64.35882969796434 172.9378319158719
-65.35842446799879 172.90936622213798
-66.35801923803325 172.88090052840406
-67.35761400806771 172.8524348346701
-68.35720877810218 172.82396914093619
-69.35680354813664 172.79550344720226
-70.3563983181711 172.76703775346834
-71.35599308820557 172.7385720597344
-72.35558785824003 172.71010636600047
-73.35518262827449 172.68164067226655
-74.35477739830894 172.65317497853263
-75.3543721683434 172.62470928479868
-76.35396693837787 172.59624359106476
-77.35356170841233 172.56777789733084
-78.35315647844679 172.53931220359692
-79.35275124848125 172.51084650986297
-80.35234601851572 172.48238081612905
-81.35194078855018 172.45391512239513
-82.35153555858463 172.4254494286612
-83.35113032861909 172.39698373492726
-84.35072509865356 172.36851804119334
-85.350319868688 172.34005234745942
-86.34991463872247 172.3115866537255
-87.34950940875693 172.28312095999155
-88.34910417879139 172.25465526625763
-89.34869894882586 172.2261895725237
-90.34829371886032 172.1977238787898
-91.34788848889477 172.16925818505584
-92.34748325892923 172.14079249132192
-93.3470780289637 172.112326797588
-94.34667279899816 172.08386110385408
-95.34626756903262 172.05539541012013
-96.34586233906708 172.0269297163862
-97.34545710910155 171.99846402265229
-98.345051879136 171.96999832891836
-99.34464664917046 171.94153263518444
-100.34424141920492 171.9130669414505
-101.34383618923938 171.88460124771657
-102.34343095927385 171.85613555398265
-103.34302572930831 171.82766986024873
-104.34262049934277 171.79920416651478
-105.34221526937722 171.77073847278086
-106.34181003941168 171.74227277904694
-106.92208503596564 171.7257481524397

-99829041_2
-107.02171496403437 175.2243298475603
-106.02212019399991 175.25279554129423
-105.02252542396545 175.28126123502815
-104.02293065393098 175.3097269287621
-103.02333588389654 175.33819262249602
-102.02374111386207 175.36665831622994
-101.02414634382761 175.39512400996387
-100.02455157379315 175.42358970369781
-99.02495680375868 175.45205539743174
-98.02536203372422 175.48052109116566
-97.02576726368977 175.50898678489958
-96.02617249365531 175.53745247863353
-95.02657772362085 175.56591817236745
-94.02698295358638 175.59438386610137
-93.02738818355192 175.6228495598353
-92.02779341351746 175.65131525356924
-91.028198643483 175.67978094730316
-90.02860387344855 175.70824664103708
-89.02900910341408 175.736712334771
-88.02941433337962 175.76517802850495
-87.02981956334516 175.79364372223887
-86.03022479331071 175.8221094159728
-85.03063002327625 175.8505751097067
-84.03103525324178 175.87904080344066
-83.03144048320732 175.90750649717458
-82.03184571317286 175.9359721909085
-81.0322509431384 175.96443788464242
-80.03265617310393 175.99290357837637
-79.03306140306947 176.0213692721103
-78.033466633035 176.0498349658442
-77.03387186300056 176.07830065957813
-76.0342770929661 176.10676635331208
-75.03468232293163 176.135232047046
-74.03508755289717 176.16369774077992
-73.03549278286272 176.19216343451384
-72.03589801282826 176.22062912824777
-71.03630324279379 176.2490948219817
-70.03670847275933 176.27756051571563
-69.03711370272487 176.30602620944956
-68.0375189326904 176.33449190318348
-67.03792416265594 176.36295759691743
-66.03832939262148 176.39142329065135
-65.03873462258703 176.41988898438527
-64.03913985255257 176.4483546781192
-63.0395450825181 176.47682037185314
-62.03995031248365 176.50528606558706
-61.040355542449184 176.53375175932098
-60.04076077241472 176.5622174530549
-59.04116600238026 176.59068314678885
-58.0415712323458 176.61914884052277
-57.04197646231134 176.6476145342567
-56.04238169227688 176.6760802279906
-55.04278692224242 176.70454592172456
-54.04319215220796 176.73301161545848
-53.043597382173495 176.7614773091924
-52.04400261213904 176.78994300292632
-51.044407842104576 176.81840869666027
-50.04481307207011 176.8468743903942
-49.04521830203565 176.8753400841281
-48.045623532001194 176.90380577786203
-47.04602876196673 176.93227147159598
-46.04643399193227 176.9607371653299
-45.04683922189781 176.98920285906382
-44.04724445186335 177.01766855279774
-43.04764968182889 177.04613424653166
-42.048054911794424 177.0745999402656
-41.04846014175996 177.10306563399953
-40.0488653717255 177.13153132773346
-39.04927060169105 177.15999702146738
-38.049675831656586 177.18846271520133
-37.05008106162212 177.21692840893525
-36.05048629158766 177.24539410266917
-35.0508915215532 177.2738597964031
-34.051296751518734 177.30232549013704
-33.051701981484285 177.33079118387096
-32.05210721144982 177.35925687760488
-31.05251244141536 177.3877225713388
-30.052917671380897 177.41618826507275
-29.053322901346434 177.44465395880667
-28.053728131311985 177.4731196525406
-27.054133361277522 177.5015853462745
-26.05453859124306 177.53005104000846
-25.054943821208596 177.55851673374238
-24.055349051174147 177.5869824274763
-23.055754281139684 177.61544812121022
-22.05615951110522 177.64391381494417
-21.05656474107076 177.6723795086781
-20.056969971036295 177.700845202412
-19.057375201001832 177.72931089614593
-18.05778043096737 177.75777658987988
-17.05818566093292 177.7862422836138
-16.058590890898458 177.81470797734772
-15.058996120863995 177.84317367108164
-14.059401350829532 177.87163936481556
-13.059806580795069 177.9001050585495
-12.060211810760606 177.92857075228343
-11.060617040726143 177.95703644601736
-10.061022270691694 177.98550213975128
-9.061427500657231 178.01396783348522
-8.061832730622768 178.04243352721915
-7.062237960588305 178.07089922095307
-6.481962964034373 178.0874238475603

99829039_4
-3.4687413042606394 1.5854298592835139
-3.3857110989557744 2.5819768902895937
-3.3026808936509093 3.578523921295673
-3.219650688346044 4.575070952301752
-3.136620483041179 5.571617983307832
-3.0535902777363138 6.568165014313912
-2.9705600724314487 7.564712045319991
-2.8875298671265837 8.56125907632607
-2.804499661821718 9.557806107332151
-2.721469456516853 10.55435313833823
-2.638439251211988 11.55090016934431
-2.5554090459071226 12.547447200350389
-2.512780304260639 13.059086859283514

-99829039_4
0.9751343042606393 12.768481140716485
0.8921040989557741 11.771934109710406
0.809073893650909 10.775387078704327
0.7260436883460439 9.778840047698246
0.6430134830411788 8.782293016692167
0.5599832777363136 7.785745985686088
0.4769530724314486 6.789198954680009
0.3939228671265834 5.79265192367393
0.31089266182171826 4.796104892667849
0.22786245651685322 3.7995578616617696
0.14483225121198806 2.8030108306556905
0.061802045907122904 1.8064637996496113
0.019173304260639235 1.294824140716486

142865547_1
-6.047565836361642 -4.31725537779046
-7.047551766527619 -4.322560042726664
-8.047537696693595 -4.327864707662869
-9.047523626859572 -4.333169372599073
-10.04750955702555 -4.338474037535279
-11.047495487191526 -4.343778702471483
-12.047481417357504 -4.349083367407688
-13.047467347523481 -4.354388032343892
-14.04745327768946 -4.359692697280097
-15.047439207855435 -4.364997362216301
-16.04742513802141 -4.370302027152506
-17.04741106818739 -4.375606692088711
-18.047396998353367 -4.380911357024916
-19.047382928519344 -4.38621602196112
-20.04736885868532 -4.391520686897325
-21.0473547888513 -4.396825351833529
-22.047340719017278 -4.402130016769734
-23.04732664918325 -4.407434681705938
-24.047312579349228 -4.412739346642143
-25.047298509515205 -4.418044011578348
-26.04728443968118 -4.423348676514553
-27.047270369847162 -4.428653341450757
-28.04725630001314 -4.433958006386962
-29.047242230179116 -4.439262671323166
-30.047228160345092 -4.444567336259371
-31.04721409051107 -4.449872001195575
-32.047200020677046 -4.455176666131781
-33.04718595084302 -4.460481331067985
-34.047171881009 -4.46578599600419
-35.04715781117498 -4.471090660940394
-36.04714374134096 -4.476395325876599
-37.04712967150694 -4.481699990812803
-38.047115601672914 -4.487004655749008
-39.047101531838884 -4.492309320685213
-40.04708746200486 -4.497613985621418
-41.04707339217084 -4.502918650557622
-42.047059322336814 -4.508223315493827
-43.023744836361644 -4.51340437779046

-142865547_1
-43.04231116363836 -1.0134536222095396
-42.04232523347238 -1.0081489572733349
-41.042339303306406 -1.0028442923371303
-40.04235337314043 -0.9975396274009257
-39.04236744297445 -0.9922349624647211
-38.042381512808475 -0.9869302975285164
-37.0423955826425 -0.9816256325923117
-36.04240965247652 -0.9763209676561071
-35.042423722310545 -0.9710163027199025
-34.04243779214457 -0.9657116377836978
-33.04245186197859 -0.9604069728474932
-32.042465931812615 -0.9551023079112886
-31.042480001646634 -0.949797642975084
-30.042494071480657 -0.9444929780388793
-29.04250814131468 -0.9391883131026746
-28.0425222111487 -0.93388364816647
-27.042536280982723 -0.9285789832302653
-26.04255035081675 -0.9232743182940607
-25.042564420650773 -0.9179696533578561
-24.042578490484797 -0.9126649884216514
-23.04259256031882 -0.9073603234854468
-22.04260663015284 -0.9020556585492422
-21.042620699986863 -0.8967509936130376
-20.042634769820886 -0.8914463286768328
-19.04264883965491 -0.8861416637406283
-18.042662909488932 -0.8808369988044236
-17.042676979322955 -0.8755323338682189
-16.04269104915698 -0.8702276689320143
-15.042705118991002 -0.8649230039958097
-14.042719188825021 -0.859618339059605
-13.042733258659045 -0.8543136741234004
-12.042747328493068 -0.8490090091871958
-11.042761398327091 -0.8437043442509911
-10.042775468161118 -0.8383996793147865
-9.04278953799514 -0.8330950143785818
-8.042803607829164 -0.8277903494423772
-7.042817677663187 -0.8224856845061725
-6.066132163638358 -0.8173046222095395

142865548_1
-4.954235273797765 82.20345062836259
-6.04785739767982 82.17761476253744
-7.14093832353466 82.15479619064436
-8.232936853335062 82.1380122066154
-9.333398573400263 82.13026024810706
-10.421586143892837 82.13472317152521
-11.507062713156477 82.15430050251045
-12.599290789657292 82.19245285539309
-13.677684109586567 82.25152080563605
-14.751737823112409 82.33478298314907
-15.83078598218854 82.44641617459841
-16.89448415635348 82.58741268317972
-17.95221411894049 82.76168323873408
-19.013136086731627 82.97437379592586
-20.047587265860663 83.22140294105132
-21.08404177041659 83.50852097238358
-22.102670340655713 83.82904489097852
-23.121869171860947 84.18758275153574
-24.122128553795076 84.57612896568023
-25.121501332426895 85.00056303288827
-26.100844946640926 85.45165906466161
-27.07782129347661 85.93646571594626
-28.03370256055544 86.44463908742777
-28.985712096372282 86.98429470021487
-29.915584436900808 87.54407293348386
-30.84005678247608 88.13305388519926
-31.7413736170392 88.73896450233501
-32.63573839315018 89.37174717040456
-33.5136496093091 90.02490894598262
-34.37265177942493 90.69936866093536
-35.21756796903691 91.40307589214396
-36.0300542115362 92.12451352598843
-36.815147931573634 92.87141465124681
-37.57686966746374 93.65245763205571
-38.298401956335695 94.45470635021532
-38.98405824632511 95.28658411183045
-39.63682016907958 96.15761413519864
-39.7349276881607 96.29637093967851
-39.83795315993828 96.44395546875306
-39.9403855299379 96.59200272769749
-40.04251451299375 96.740286684973

-142865548_1
-37.16351903086745 98.7306234303248
-37.07281770722231 98.59875098394089
-36.98186026769266 98.46708012933416
-36.89039059639399 98.3358124582818
-36.79235634331877 98.19700781377475
-36.14898315567829 97.34423840119273
-35.45556841847333 96.51911909010127
-34.72175651980689 95.7277454002914
-33.951395683059175 94.96807104896781
-33.148334131610405 94.23804975333512
-32.316420088840765 93.53563523059803
-31.45950177813048 92.85878119796115
-30.58142742285334 92.20544137263697
-29.719006478510018 91.59717983719044
-28.83268379388043 91.00484880048583
-27.931361870982013 90.43598947286574
-27.015727568572732 89.89219524791268
-26.09537995500638 89.37985389881008
-25.153301455595702 88.89069347899525
-24.198964611436114 88.43136316741786
-23.233056281285585 88.00345635766043
-22.265615302443944 87.61216658732705
-21.278718458584038 87.25154982483132
-20.28230416349513 86.92712156972601
-19.2770592759352 86.64047521559357
-18.26367065466222 86.3932041560165
-17.194021170498424 86.17721182387169
-16.116868438180354 86.00247056988937
-15.032892637694394 85.86524092598965
-13.932837692413699 85.76098631980484
-12.83720975439497 85.68781736370768
-11.736805471615567 85.64090761796483
-10.63230502405978 85.6165176143886
-9.514303045128322 85.61093154146214
-8.403629056853582 85.62048220014816
-7.290905627209669 85.6413002012725
-6.176812936180857 85.6696460766475
-5.05189571268269 85.70207837777647

142865548_2
-46.23234241156028 106.54067231537212
-46.565876501150036 107.54891044315458
-46.900327421112834 108.56699815211716
-47.230168616622464 109.58539780929858
-47.55308419740341 110.60426613509583
-47.866758273180146 111.62375984990592
-48.16887495367717 112.64403567412589
-48.45711834861895 113.66525032815272
-48.72917256772999 114.68756053238347
-48.980401494364 115.70136839632794
-49.21333890882957 116.72632570401552
-49.42316153273569 117.75284723052283
-49.60755347580685 118.78108969624688
-49.76419884776755 119.81120982158468
-49.890781758342264 120.84336432693327
-49.98498631725546 121.87770993268967
-50.04449663423165 122.91440335925084
-50.0669968189953 123.95360132701384
-50.051173634644044 124.98534048826417
-49.997775907290155 126.0286656203248
-49.90954033673293 127.06272447585127
-49.78651176676189 128.10641083804603
-49.632753199019355 129.13886557896822
-49.447049419656665 130.17895163346256
-49.23465724382838 131.20587845087766
-48.99323388829956 132.238402659837
-48.72909749348505 133.25587774484222
-48.438910195015595 134.27687857043193
-48.12991897031444 135.28097811412445
-47.797923362129865 136.28649401851004
-47.405274949398496 137.39585979029766
-46.98530950366009 138.49174119081792
-46.53348482975458 139.57216562895508
-46.04091586124057 140.64416512585967
-45.51137662210189 141.68758353357944
-44.93631274617473 142.70961034573477
-44.30561014381998 143.71670215666055
-43.620526691859666 144.69698345498585
-42.88243169585124 145.64331974710825
-42.09390122927291 146.5475535351764
-41.25751136560289 147.40152732133876
-40.37583817831945 148.19708360774388
-39.4514577409008 148.92606489654034
-38.47860818095904 149.585515486938
-37.57124040912365 150.10845400562494
-36.62634311299355 150.57193174810575
-35.654526509389534 150.97568250505486
-34.65806286941666 151.32464186986988
-33.63922446417999 151.62374543594842
-32.60028356478456 151.87792879668794
-31.543512442335448 152.09212754548616
-30.471183367937677 152.27127727574066
-29.385568612696318 152.42031358084893
-28.29913801202609 152.5431256788394
-27.19383922251321 152.6469067035853
-26.08205052592462 152.73533538343895
-24.96604419336537 152.8133473117979
-23.84809249594053 152.88587808205972
-22.730467704755142 152.957863287622
-21.615442090914254 153.03423852188237
-20.505287925522925 153.11993937823834
-19.4022774796862 153.21990145008755
-18.257721649075744 153.34384785892988
-17.112456084083078 153.48809542045802
-15.97560359692912 153.64949615907727
-14.846113621575617 153.82590810657507
-13.722935591984314 154.01518929473897
-12.605018942116953 154.21519775535634
-11.491313105935298 154.42379152021468
-10.380767517401067 154.63882862110154
-9.272331610476021 154.85816708980423
-8.164954819121906 155.07966495811036

-142865548_2
-7.456617535238013 151.6520475194848
-8.493223105190081 151.43678166795647
-9.530783571764891 151.22356844568532
-10.570253831585191 151.01446048192844
-11.612588781273718 150.81151040594295
-12.65874331745322 150.61677084698607
-13.70967233674644 150.4322944343149
-14.76633073577612 150.26013379718657
-15.829673411165 150.10234156485825
-16.90065525953583 149.96097036658705
-17.980231177511353 149.83807283163014
-19.069356061714306 149.73570158924466
-20.13744569918273 149.6565979125654
-21.223305676437832 149.59269594674302
-22.314084703102726 149.53904428838482
-23.407157360087385 149.48983611189658
-24.489500953288562 149.43977082734813
-25.579325160456047 149.3821248133463
-26.663591744664508 149.31155710753262
-27.73967528682391 149.22226088431293
-28.794864085540176 149.10964732235504
-29.846845610976846 148.9657899487772
-30.882792841085674 148.78583888411146
-31.900080356776613 148.5639873027637
-32.88670561042803 148.29723879306067
-33.85903754249069 147.9747027485101
-34.80485850685666 147.59290101359574
-35.72154308443596 147.1460267627233
-36.60646585613849 146.62827317029857
-37.52029755759242 145.98810610156096
-38.39089624330169 145.26914666821952
-39.221928880385406 144.47418652968238
-39.99538445256917 143.62728598778668
-40.71535787020348 142.73180031916075
-41.3840466815892 141.78936116800986
-42.02841480148549 140.75615944859408
-42.61535813757103 139.6847827893979
-43.14670199333295 138.586959763885
-43.6298755586141 137.46601112010256
-44.07230802325727 136.32525760609764
-44.48142857710532 135.16801996991722
-44.835676094199165 134.08413890296464
-45.167748118339915 132.98069321424606
-45.4715530191685 131.8687101297848
-45.74423725609026 130.74967327868742
-45.98294728851054 129.62506629006054
-46.184829575834655 128.49637279301083
-46.34703057746797 127.36507641664484
-46.46669675281579 126.23266079006918
-46.5409745612835 125.1006095423905
-46.56701046227639 123.97040630271542
-46.54705249353771 122.94199970218841
-46.48642357810162 121.9063502754185
-46.388946444743205 120.88301030551781
-46.255448684128154 119.8521235658605
-46.09114100327792 118.83315162164325
-45.895565790021784 117.80632224673415
-45.675116179050576 116.79101972319188
-45.42825490569127 115.7675423906667
-45.16235198196996 114.75521068279096
-44.874996041045364 113.73438007028537
-44.57432842194483 112.72432057306766
-44.25726920599283 111.70543135821738
-43.93252550888392 110.69694546664925
-43.59655441044242 109.67929232708993
-43.258423252696005 108.6716814361629
-42.9143316643029 107.65455904953023

142865552_1
-3.455401382764772 -118.21935992018959
-4.579631319757241 -118.29882018094673
-5.713021181577528 -118.37365803247296
-6.844277534879517 -118.43774174409472
-7.972328798461709 -118.48566991522657
-9.096103391122613 -118.51204114528294
-10.214529731660727 -118.51145403367836
-11.326536238874555 -118.47850717982737
-12.431051331562596 -118.40779918314443
-13.527003428523358 -118.29392864304408
-14.613320948555339 -118.1314941589408
-15.688932310457048 -117.9150943302491
-16.752765933026975 -117.6393277563835
-18.114271444126608 -117.19078017587704
-19.456028906869133 -116.66053857080041
-20.77991616211304 -116.07591925524609
-21.762162136029136 -115.61640983427674
-22.74474389107934 -115.13785324323541
-23.718888013777367 -114.64501000430108
-24.684957435091604 -114.13845585092702
-25.64331508599045 -113.61876651656648
-26.58563135231147 -113.09145609811561
-27.529716696640822 -112.54733092772307
-28.467175733818053 -111.99179249474562
-29.398371394811555 -111.42541653263659
-30.323666610589733 -110.84877877484921
-31.243424312120972 -110.2624549548368
-32.124434669263024 -109.6889542085451
-33.00037754131736 -109.10707911057074
-33.879249112847376 -108.51124667245779
-34.7441959755615 -107.91277696581611
-35.611418936216 -107.30034950920728
-36.46428437163019 -106.68559748779768
-37.31876296613556 -106.05689028081994
-38.15846155629008 -105.42616823854179
-38.99910002937268 -104.78149654932214
-39.8245463563078 -104.13511678007478
-40.65024895269399 -103.47479587674019
-41.54479060937033 -102.74309255030843
-42.43722538825155 -101.99445021762035
-43.31208625720603 -101.24043061859282
-44.18424285031531 -100.46678362811124
-45.038574771106816 -99.68549841609793
-45.88959770627996 -98.88185476066263
-46.72255251847219 -98.06835459523116
-47.55158632354502 -97.22972226768192
-48.36925573678474 -96.37163779444748
-49.10604210763852 -95.56886701014426
-49.834397250406845 -94.74049903177462
-50.54179925436008 -93.89342112727292
-51.222666076310105 -93.02710055083595
-51.87141567306879 -92.1410045566604
-52.48246600144804 -91.23460039894297
-53.05023501825968 -90.30735533188037
-53.56914068031562 -89.35873660966932
-54.033600944427725 -88.38821148650653
-54.43803376740787 -87.39524721658871
-54.77685710606792 -86.3793110541126
-55.05016608403039 -85.32113708014948
-55.25239189796891 -84.24251374954615
-55.38635471638572 -83.14740123381053
-55.45487470806834 -82.03975970459845
-55.46077204180422 -80.92354933356584
-55.40611120169505 -79.79253205407552
-55.29471864029062 -78.6710767833522
-55.129189565200015 -77.55296918733647
-54.91234414521073 -76.4421694376842
-54.64700254911025 -75.3426377060513
-54.335984945686064 -74.25833416409367
-53.9787065651217 -73.18363629557996
-53.60691183077421 -72.19730348808515
-53.20158822526746 -71.23044049716086
-52.764969839522166 -70.28175001336707
-52.299290764439505 -69.34993472665651
-51.80678509092063 -68.43369732698187
-51.28968690986672 -67.53174050429581
-50.750230312178935 -66.64276694855106
-50.19064938875847 -65.76547934970029
-49.61317823050649 -64.89858039769621
-49.02005092832416 -64.04077278249149
-48.41350157311265 -63.19075919403883
-47.795764255773136 -62.347242322290924
-47.16907306720679 -61.508924857200455
-46.53566209831478 -60.67450948872012
-45.89776543999828 -59.84269890680262
-45.25761718315845 -59.01219580140062

-142865552_1
-42.48891441577399 -61.15325881834292
-43.128329326138086 -61.97058096081933
-43.765192114832274 -62.78943618270931
-44.40305083989099 -63.61935744533987
-45.02706617737367 -64.44593023148292
-45.64674876125122 -65.28677004403664
-46.24760880875965 -66.12725239365905
-46.838707336588826 -66.98526287185959
-47.406104255360276 -67.84584678418766
-47.95821081227385 -68.72728004375864
-48.4818367635456 -69.61415751801867
-48.984543434676354 -70.52526567468374
-49.454090579685676 -71.44462871010201
-49.89698945016637 -72.39166387958481
-50.302149950150536 -73.34970447538761
-50.67483310511397 -74.33891877341179
-51.02603954100192 -75.40964476627072
-51.33122360067325 -76.51120158604526
-51.58217113736041 -77.628263828368
-51.772618071610566 -78.74494859324656
-51.901250022606455 -79.87589786397643
-51.96124944670653 -81.00529157779785
-51.9482664741119 -82.1173656018034
-51.8572879984263 -83.2266780876363
-51.68328099193326 -84.31737403710413
-51.42143233284301 -85.38374932755723
-51.06209413333859 -86.43966015244027
-50.61198728960959 -87.47459436250534
-50.0837128161446 -88.4803035362053
-49.48710635569134 -89.45802077363966
-48.83200355099752 -90.40897917490797
-48.128240044810845 -91.33441184010972
-47.385651479879044 -92.23555186934449
-46.6140734989498 -93.11363236271178
-45.823341744770836 -93.96988642031111
-45.04287208449506 -94.78381759195868
-44.253518264597105 -95.5794121638272
-43.45519598310253 -96.35785745686202
-42.6478209379568 -97.12034079200892
-41.8239110768061 -97.87472206647777
-40.998094139649204 -98.6087264369093
-40.16297077319961 -99.33034150887534
-39.31845667540279 -100.04075460332163
-38.456730626998855 -100.74742103341488
-37.58535625462649 -101.44489392424246
-36.70467415423995 -102.13329816261178
-35.815111326536616 -102.81253719860801
-34.91709477221646 -103.48251448230968
-34.0029269542 -104.14898940519376
-33.08921801732996 -104.80006868134433
-32.168340168449305 -105.44159569338301
-31.240720408258014 -106.07347389138832
-30.306785737456067 -106.69560672543881
-29.35854665160517 -107.31331990820674
-28.396133841119802 -107.92614527229712
-27.419052985754185 -108.53318120975248
-26.43521170208617 -109.12826209431331
-25.452752240796563 -109.7056372236443
-24.4539332630499 -110.27469799927015
-23.446831614749357 -110.82958009392566
-22.43981160839803 -111.36491127974578
-21.414701018405015 -111.88934534521108
-20.379785515606606 -112.3973771016303
-19.334556210878052 -112.88826318496649
-18.167455870835855 -113.40563271743058
-16.985211153582625 -113.87636216517407
-15.776352622238276 -114.27827761170718
-14.732157040991941 -114.54770201995107
-13.665426122755228 -114.75380919669959
-12.596834431484025 -114.8993488848116
-11.508069911252885 -114.99356828046199
-10.410189852363397 -115.04149849496746
-9.314582265899915 -115.04985005704326
-8.202439391438043 -115.02535294954251
-7.085084113050365 -114.97438698281512
-5.9740284259932155 -114.90429228367394
-4.850181118455156 -114.82035945403226
-3.7250245417238323 -114.72977808708227

142865552_2
-37.60944855177347 -50.825280369937126
-36.53970055292632 -49.876853690927526
-35.44902480867468 -48.9368435032136
-34.3313299958068 -48.027070996150655
-33.40348736326033 -47.32546381454157
-32.450689463332694 -46.6549129358992
-31.465852729757344 -46.01161245814993
-30.46725338641887 -45.408117499586204
-29.439132202829196 -44.83559944343531
-28.40050530800135 -44.305403452064894
-27.33492334124918 -43.809964683998686
-26.26204278685344 -43.359310706936235
-25.164823703790585 -42.947248093441054
-24.006258722280013 -42.56338064327735
-22.835086211996185 -42.22135441437575
-21.65358520627656 -41.914888127488794
-20.464034738459837 -41.63770050335282
-19.268713841884704 -41.38351026270419
-18.069901549889853 -41.146036126279284
-16.9384291247058 -40.93254795191155
-15.806005940383766 -40.7272854757062
-14.672750809222308 -40.52922076751277
-13.53878254349663 -40.337325897236056
-12.404219955481931 -40.15057293478085
-11.269181857453406 -39.96793395005192
-10.133787061686258 -39.7883810129541
-8.998154380455682 -39.610886193392155
-7.862402626036884 -39.434421561270895

-142865552_2
-7.322329540854678 -42.89250357826067
-8.43809214841042 -43.06639165842492
-9.56363030047988 -43.24279061573045
-10.67910011652232 -43.41956924949469
-11.804145674686607 -43.60083128862211
-12.918931736430338 -43.78436021520519
-14.043090278056386 -43.97437923235756
-15.156801622715996 -44.1685181909783
-16.279678725170736 -44.371188082358685
-17.401763507270058 -44.58168007360074
-18.512770098439287 -44.799886885856154
-19.62065888295415 -45.0329813554069
-20.7231824944556 -45.2872149820867
-21.818093566577634 -45.568839265746426
-22.90314473295424 -45.884105706236916
-23.985522942180953 -46.24260558236924
-25.071974358921402 -46.654272534350966
-26.15069203701234 -47.11683104426899
-27.210474622359847 -47.624873021770725
-28.249555076393893 -48.17633014850133
-29.266166360544467 -48.76913410610597
-30.258541436241547 -49.40121657622983
-31.224913264915106 -50.07050924051805
-32.16351480799512 -50.774943780615814
-33.2199278778412 -51.6332969223741
-34.24961620504854 -52.52155108688914
-35.27330764374651 -53.431517252517466

142865549_1
-45.13267809268161 -50.29422485220296
-45.370568293940444 -49.32293279924205
-45.60845849519928 -48.35164074628113
-45.84634869645812 -47.380348693320215
-46.08423889771696 -46.409056640359296
-46.32212909897579 -45.43776458739838
-46.56001930023463 -44.466472534437465
-46.797909501493464 -43.49518048147655
-47.0357997027523 -42.52388842851563
-47.27368990401114 -41.55259637555472
-47.51158010526998 -40.5813043225938
-47.74947030652881 -39.61001226963289
-47.7896820926816 -39.44582985220296

-142865549_1
-44.39015990731839 -38.61321414779704
-44.152269706059556 -39.58450620075795
-43.91437950480072 -40.55579825371887
-43.67648930354188 -41.52709030667978
-43.43859910228304 -42.4983823596407
-43.20070890102421 -43.46967441260162
-42.96281869976537 -44.44096646556253
-42.724928498506536 -45.412258518523444
-42.4870382972477 -46.38355057148436
-42.24914809598886 -47.354842624445276
-42.01125789473002 -48.326134677406195
-41.77336769347119 -49.29742673036711
-41.7331559073184 -49.461609147797034

142865549_2
-48.79042893948852 -31.14389379331227
-48.79016596423839 -30.14389382789026
-48.78990298898826 -29.143893862468254
-48.78964001373812 -28.143893897046244
-48.78937703848799 -27.143893931624238
-48.78911406323786 -26.143893966202228
-48.78885108798773 -25.14389400078022
-48.78858811273759 -24.143894035358212
-48.78832513748746 -23.143894069936202
-48.78806216223733 -22.143894104514196
-48.7877991869872 -21.143894139092186
-48.78753621173706 -20.143894173670176
-48.78727323648693 -19.14389420824817
-48.7870102612368 -18.143894242826164
-48.78674728598667 -17.143894277404154
-48.78648431073654 -16.143894311982145
-48.7862213354864 -15.143894346560138
-48.78595836023627 -14.143894381138129
-48.78569538498614 -13.143894415716122
-48.78543240973601 -12.143894450294113
-48.78516943448587 -11.143894484872103
-48.78490645923574 -10.143894519450097
-48.78464348398561 -9.143894554028087
-48.78438050873548 -8.14389458860608
-48.78411753348534 -7.143894623184071
-48.784022939488516 -6.7841877933122685

-142865549_2
-45.28402306051148 -6.785108206687731
-45.28428603576161 -7.785108172109739
-45.28454901101174 -8.785108137531747
-45.28481198626188 -9.785108102953757
-45.28507496151201 -10.785108068375765
-45.28533793676214 -11.785108033797773
-45.28560091201227 -12.78510799921978
-45.28586388726241 -13.785107964641789
-45.28612686251254 -14.785107930063798
-45.28638983776267 -15.785107895485805
-45.2866528130128 -16.785107860907814
-45.28691578826294 -17.78510782632982
-45.28717876351307 -18.78510779175183
-45.2874417387632 -19.78510775717384
-45.28770471401333 -20.785107722595846
-45.28796768926346 -21.785107688017856
-45.2882306645136 -22.785107653439866
-45.28849363976373 -23.785107618861872
-45.28875661501386 -24.785107584283878
-45.28901959026399 -25.785107549705888
-45.28928256551413 -26.785107515127898
-45.28954554076426 -27.785107480549907
-45.28980851601439 -28.785107445971914
-45.29007149126452 -29.785107411393923
-45.29033446651466 -30.78510737681593
-45.290429060511485 -31.14481420668773

142865547_2
-51.107000240310946 -3.9327208170484313
-52.39814787415781 -3.8332110159477115
-53.682793817209486 -3.7099047322372356
-54.95443637867079 -3.5390054833072457
-56.20657386774655 -3.2967167865479845
-57.432704593641574 -2.9592421593496954
-58.55301681552001 -2.5400514913891454
-59.64963182038081 -2.021290416591744
-60.708955625208446 -1.4161649633887279
-61.71862446699753 -0.7407302845397581
-62.691362207919475 0.00620121176344221
-63.61444580669545 0.8091627795790557
-64.365557783502 1.5371841967305961
-65.07764680577583 2.2976891524030143
-65.75145677862517 3.0893080399491484
-66.38773160764991 3.910671253461637
-66.9872151984499 4.760409187033124
-67.55065145662498 5.637152234756247
-68.07878428777501 6.53953079072365
-68.57235759749983 7.466175249027969
-69.0321152913993 8.415716003761847
-69.4588012750733 9.386783449017924
-69.85315945412167 10.378007978888846
-70.21593373414422 11.388019987467242
-70.55091242052113 12.425409094004422
-70.8708250085296 13.539367726744292
-71.15211014632337 14.667202296240687
-71.39041079188628 15.804519692774125
-71.5813699032012 16.94692680662466
-71.72063043825104 18.090030528072354
-71.80383535501869 19.229437747397267
-71.82662761148705 20.360755354879448
-71.78465016563904 21.47959024079897
-71.67354597545756 22.58154929543588
-71.48895799892546 23.66223940907023
-71.2265291940257 24.71726747198209
-70.88190251874116 25.74224037445152
-70.46968756680154 26.698739522743768
-69.98459421158867 27.625526837510762
-69.43427422580707 28.52495573049923
-68.82045073996042 29.407441296731736
-68.16220233427607 30.259012986372383
-67.46175413190839 31.090308486087206
-66.71975000762521 31.911205723132852
-65.95764225718055 32.708874672288
-65.17636154393794 33.49334966337001
-64.37612011034732 34.274170641707414
-63.532689272558095 35.080252317677605
-62.67364963416993 35.87635167784008
-61.80253366415877 36.647643661104645
-60.915434297841024 37.386489737575545
-60.00844447053305 38.08525137735703
-59.077657117551276 38.73629005055334
-58.11916517421208 39.331967227268734
-57.12906157583184 39.86464437760745
-56.103439257726954 40.32668297167373
-54.8987794281502 40.76196222477562
-53.65058267855155 41.132717864063544
-52.38518660401096 41.469325850046815

-142865547_2
-51.50863883807351 38.080869880995756
-53.16275856997508 37.639433946227186
-54.77161119109479 37.08995310313138
-55.763764524083875 36.63303977363183
-56.72359390921028 36.0918605419333
-57.64805052907655 35.4807691249029
-58.543227050967694 34.8103939520095
-59.4075152255454 34.09796742994081
-60.26253522860172 33.341202534893455
-61.106498736722855 32.55694427569796
-61.94549841719381 31.755821081823186
-62.804643979984405 30.924116429482442
-63.65018516342751 30.080919096175734
-64.46730802501162 29.22129655313966
-65.24119862222254 28.340316271608778
-65.95704301254611 27.43304572281764
-66.60002725346817 26.49455237800081
-67.15533740247452 25.51990370839284
-67.60815951705098 24.504167185228287
-67.9350123068828 23.491322800854505
-68.16318152253731 22.432886567494627
-68.29658146615992 21.344328098107088
-68.34253385855381 20.24220004760374
-68.30918677897465 19.11286134740753
-68.20310743680842 17.972680126499053
-68.03347812076309 16.838414355322687
-67.80452724266814 15.695838643107336
-67.52488111143097 14.561700125495095
-67.20190752145011 13.442444730983187
-66.85844261950135 12.39280762069849
-66.48052493732553 11.364592707016278
-66.06656563715076 10.359803377846255
-65.6149758812052 9.380443021098117
-65.12416683171693 8.42851502468155
-64.58733502008089 7.497466566595354
-64.01291333356436 6.606719589288474
-63.394490851153925 5.749434035928207
-62.73047873507772 4.927613294424237
-62.019288147563834 4.1432607526862695
-61.25192356483588 3.3915469524177677
-60.371100905341265 2.63276137684525
-59.43614301924639 1.9370803851600087
-58.45223535390669 1.3188229384107013
-57.424563356790856 0.7923079978306189
-56.34888676263198 0.3687056013593348
-55.29767300520937 0.07431824672222985
-54.21213321710539 -0.13321778746351665
-53.117931951513754 -0.272230161291891
-52.001354032855815 -0.36758130398943933
-50.87849785781667 -0.44024018080989263

142865547_3
-44.16650321326472 42.795567157031975
-43.16682769496073 42.8210398503261
-42.16715217665675 42.84651254362022
-41.16747665835276 42.87198523691435
-40.16780114004877 42.897457930208475
-39.168125621744785 42.922930623502594
-38.168450103440804 42.94840331679672
-37.168774585136816 42.97387601009085
-36.16909906683283 42.999348703384975
-35.16942354852884 43.024821396679094
-34.16974803022485 43.05029408997322
-33.17007251192087 43.07576678326735
-32.17039699361688 43.10123947656147
-31.1707214753129 43.126712169855594
-30.17104595700891 43.15218486314972
-29.171370438704926 43.17765755644384
-28.171694920400938 43.20313024973797
-27.172019402096954 43.228602943032094
-26.17234388379297 43.25407563632622
-25.17266836548898 43.27954832962034
-24.172992847184993 43.30502102291447
-23.17331732888101 43.33049371620859
-22.173641810577024 43.35596640950271
-21.173966292273036 43.38143910279684
-20.17429077396905 43.40691179609097
-19.174615255665067 43.432384489385086
-18.17493973736108 43.45785718267921
-17.17526421905709 43.48332987597334
-16.175588700753103 43.508802569267466
-15.175913182449118 43.534275262561586
-14.17623766414513 43.55974795585571
-13.176562145841146 43.58522064914984
-12.176886627537161 43.61069334244396
-11.177211109233177 43.636166035738086
-10.177535590929189 43.66163872903221
-9.1778600726252 43.68711142232633
-8.17818455432122 43.71258411562046
-7.178509036017232 43.738056808914585
-6.178833517713244 43.76352950220871
-5.179157999409256 43.78900219550283
-4.212673213264718 43.813629157031976

-142865547_3
-4.123518786735282 40.314764842968025
-5.123194305039268 40.2892921496739
-6.122869823343255 40.26381945637978
-7.122545341647241 40.23834676308565
-8.122220859951227 40.212874069791525
-9.121896378255212 40.187401376497405
-10.1215718965592 40.16192868320328
-11.121247414863184 40.13645598990915
-12.120922933167172 40.110983296615025
-13.120598451471158 40.085510603320905
-14.120273969775143 40.06003791002678
-15.11994948807913 40.03456521673265
-16.119625006383117 40.00909252343853
-17.1193005246871 39.983619830144406
-18.118976042991086 39.95814713685028
-19.118651561295074 39.93267444355616
-20.118327079599062 39.90720175026203
-21.118002597903047 39.881729056967906
-22.117678116207035 39.85625636367378
-23.11735363451102 39.83078367037966
-24.117029152815004 39.80531097708553
-25.116704671118992 39.779838283791406
-26.116380189422976 39.75436559049729
-27.116055707726964 39.72889289720316
-28.11573122603095 39.70342020390903
-29.115406744334933 39.67794751061491
-30.11508226263892 39.65247481732079
-31.114757780942906 39.62700212402666
-32.1144332992469 39.60152943073253
-33.114108817550886 39.576056737438414
-34.113784335854874 39.55058404414429
-35.113459854158855 39.52511135085016
-36.11313537246284 39.49963865755604
-37.11281089076682 39.474165964261914
-38.11248640907081 39.44869327096779
-39.1121619273748 39.42322057767367
-40.11183744567879 39.39774788437954
-41.11151296398277 39.372275191085414
-42.11118848228676 39.34680249779129
-43.110864000590745 39.32132980449717
-44.077348786735286 39.296702842968024

142865551_1
-49.701942268930544 45.013881537139646
-49.660152819136464 46.01300797652853
-49.61836336934238 47.012134415917416
-49.576573919548295 48.0112608553063
-49.534784469754214 49.01038729469518
-49.492995019960134 50.00951373408406
-49.45120557016605 51.00864017347295
-49.409416120371965 52.00776661286183
-49.367626670577884 53.00689305225071
-49.325837220783804 54.00601949163959
-49.28404777098972 55.00514593102848
-49.242258321195635 56.00427237041736
-49.200468871401554 57.00339880980624
-49.158679421607474 58.00252524919513
-49.11688997181339 59.00165168858401
-49.075100522019305 60.00077812797289
-49.033311072225224 60.99990456736178
-48.991521622431144 61.999031006750656
-48.94973217263706 62.998157446139544
-48.907942722842975 63.99728388552843
-48.866153273048894 64.9964103249173
-48.824363823254814 65.9955367643062
-48.78257437346073 66.99466320369507
-48.740784923666645 67.99378964308396
-48.711668268930545 68.68992753713964

-142865551_1
-45.21472573106946 68.54366446286035
-45.25651518086354 67.54453802347146
-45.29830463065762 66.54541158408259
-45.340094080451706 65.5462851446937
-45.38188353024579 64.54715870530481
-45.42367298003987 63.548032265915936
-45.46546242983395 62.54890582652705
-45.507251879628036 61.549779387138166
-45.54904132942212 60.550652947749285
-45.5908307792162 59.551526508360396
-45.63262022901028 58.552400068971515
-45.674409678804366 57.553273629582634
-45.71619912859845 56.55414719019375
-45.75798857839253 55.55502075080487
-45.79977802818661 54.55589431141598
-45.841567477980696 53.5567678720271
-45.88335692777478 52.55764143263822
-45.92514637756886 51.55851499324933
-45.96693582736294 50.55938855386045
-46.008725277157026 49.56026211447157
-46.05051472695111 48.56113567508268
-46.09230417674519 47.5620092356938
-46.13409362653927 46.56288279630492
-46.175883076333356 45.56375635691603
-46.20499973106946 44.86761846286036

142865551_2
-48.106108635537666 79.73403154169935
-48.0287780402809 80.73103704772087
-47.95144744502413 81.7280425537424
-47.87411684976736 82.72504805976392
-47.79678625451059 83.72205356578544
-47.719455659253825 84.71905907180697
-47.64212506399706 85.71606457782849
-47.56479446874029 86.71307008385001
-47.48746387348352 87.71007558987154
-47.41013327822675 88.70708109589306
-47.332802682969984 89.70408660191458
-47.255472087713216 90.7010921079361
-47.17814149245644 91.69809761395763
-47.10081089719967 92.69510311997915
-47.023480301942904 93.69210862600067
-46.946149706686136 94.6891141320222
-46.86881911142937 95.68611963804372
-46.83577563553767 96.11214154169936

-142865551_2
-43.346256364462334 95.84148445830066
-43.4235869597191 94.84447895227913
-43.50091755497587 93.84747344625761
-43.57824815023264 92.85046794023609
-43.65557874548941 91.85346243421456
-43.732909340746176 90.85645692819304
-43.810239936002944 89.85945142217152
-43.88757053125971 88.86244591615
-43.96490112651648 87.86544041012847
-44.04223172177325 86.86843490410695
-44.11956231703002 85.87142939808543
-44.196892912286785 84.8744238920639
-44.27422350754356 83.87741838604238
-44.35155410280033 82.88041288002086
-44.4288846980571 81.88340737399933
-44.506215293313865 80.88640186797781
-44.58354588857063 79.88939636195627
-44.61658936446233 79.46337445830065

99829039_2
-1.3986861158670734 -112.66234224029121
-1.4129839674620488 -111.66244445979574
-1.4272818190570244 -110.66254667930026
-1.4415796706519999 -109.6626488988048
-1.4558775222469753 -108.66275111830933
-1.470175373841951 -107.66285333781386
-1.4844732254369264 -106.66295555731838
-1.4987710770319018 -105.66305777682291
-1.5130689286268775 -104.66315999632745
-1.527366780221853 -103.66326221583198
-1.5416646318168286 -102.6633644353365
-1.555962483411804 -101.66346665484103
-1.5702603350067794 -100.66356887434557
-1.584558186601755 -99.6636710938501
-1.5988560381967305 -98.66377331335462
-1.613153889791706 -97.66387553285915
-1.6274517413866816 -96.66397775236368
-1.641749592981657 -95.66407997186822
-1.6560474445766324 -94.66418219137275
-1.6703452961716079 -93.66428441087727
-1.6846431477665835 -92.6643866303818
-1.6989409993615592 -91.66448884988633
-1.7132388509565346 -90.66459106939087
-1.72753670255151 -89.66469328889539
-1.7418345541464855 -88.66479550839992
-1.7561324057414611 -87.66489772790445
-1.7704302573364366 -86.66499994740897
-1.7847281089314122 -85.66510216691351
-1.7990259605263876 -84.66520438641804
-1.813323812121363 -83.66530660592257
-1.8276216637163385 -82.6654088254271
-1.8419195153113141 -81.66551104493163
-1.8562173669062896 -80.66561326443616
-1.8705152185012652 -79.66571548394069
-1.8848130700962407 -78.66581770344521
-1.899110921691216 -77.66591992294974
-1.9134087732861915 -76.66602214245427
-1.9277066248811672 -75.66612436195881
-1.9420044764761426 -74.66622658146335
-1.9563023280711183 -73.66632880096786
-1.9706001796660937 -72.6664310204724
-1.9848980312610691 -71.66653323997693
-1.9991958828560448 -70.66663545948145
-2.0134937344510204 -69.66673767898598
-2.027791586045996 -68.66683989849051
-2.0420894376409713 -67.66694211799505
-2.0563872892359467 -66.66704433749956
-2.070685140830922 -65.6671465570041
-2.0849829924258976 -64.66724877650864
-2.0992808440208734 -63.667350996013155
-2.113578695615849 -62.66745321551769
-2.1278765472108243 -61.66755543502222
-2.1421743988057997 -60.66765765452675
-2.156472250400775 -59.667759874031276
-2.1707701019957506 -58.66786209353581
-2.1850679535907265 -57.66796431304034
-2.199365805185702 -56.66806653254487
-2.2136636567806773 -55.6681687520494
-2.2279615083756528 -54.66827097155393
-2.242259359970628 -53.66837319105846
-2.256557211565604 -52.66847541056298
-2.2708550631605795 -51.66857763006752
-2.285152914755555 -50.668679849572044
-2.2994507663505304 -49.66878206907658
-2.313748617945506 -48.668884288581104
-2.3280464695404812 -47.66898650808564
-2.337179115867073 -47.03030924029121

-99829039_2
1.1624631158670733 -46.98026675970879
1.1767609674620487 -47.980164540204264
1.1910588190570244 -48.98006232069973
1.2053566706519998 -49.9799601011952
1.2196545222469752 -50.97985788169067
1.233952373841951 -51.97975566218614
1.2482502254369263 -52.97965344268161
1.262548077031902 -53.97955122317708
1.2768459286268774 -54.979449003672556
1.2911437802218528 -55.97934678416802
1.3054416318168285 -56.979244564663496
1.319739483411804 -57.97914234515896
1.3340373350067793 -58.979040125654436
1.348335186601755 -59.97893790614991
1.3626330381967304 -60.978835686645375
1.3769308897917059 -61.97873346714085
1.3912287413866815 -62.978631247636315
1.405526592981657 -63.97852902813179
1.4198244445766326 -64.97842680862726
1.434122296171608 -65.97832458912272
1.4484201477665835 -66.9782223696182
1.462717999361559 -67.97812015011367
1.4770158509565345 -68.97801793060914
1.4913137025515102 -69.97791571110461
1.5056115541464856 -70.97781349160007
1.519909405741461 -71.97771127209555
1.5342072573364365 -72.97760905259102
1.5485051089314121 -73.9775068330865
1.5628029605263876 -74.97740461358197
1.5771008121213632 -75.97730239407743
1.5913986637163386 -76.9772001745729
1.605696515311314 -77.97709795506837
1.6199943669062897 -78.97699573556385
1.6342922185012652 -79.9768935160593
1.6485900700962406 -80.97679129655478
1.6628879216912162 -81.97668907705025
1.6771857732861917 -82.97658685754573
1.691483624881167 -83.9764846380412
1.7057814764761425 -84.97638241853666
1.7200793280711184 -85.97628019903215
1.7343771796660938 -86.9761779795276
1.7486750312610693 -87.97607576002306
1.7629728828560447 -88.97597354051855
1.7772707344510204 -89.97587132101401
1.7915685860459958 -90.97576910150948
1.8058664376409712 -91.97566688200496
1.8201642892359469 -92.97556466250043
1.8344621408309223 -93.9754624429959
1.8487599924258977 -94.97536022349136
1.8630578440208734 -95.97525800398685
1.877355695615849 -96.97515578448231
1.8916535472108245 -97.97505356497777
1.9059513988058 -98.97495134547324
1.9202492504007753 -99.97484912596872
1.9345471019957508 -100.97474690646419
1.9488449535907264 -101.97464468695966
1.963142805185702 -102.97454246745514
1.9774406567806775 -103.97444024795061
1.991738508375653 -104.97433802844607
2.0060363599706283 -105.97423580894154
2.020334211565604 -106.97413358943702
2.034632063160579 -107.97403136993248
2.048929914755555 -108.97392915042795
2.0632277663505305 -109.97382693092342
2.077525617945506 -110.9737247114189
2.0918234695404814 -111.97362249191437
2.1009561158670733 -112.61229975970879

99829039_6
-2.5824087418794535 -36.07260786109783
-2.6189423767925013 -35.073275437166714
-2.6554760117055487 -34.0739430132356
-2.6920096466185965 -33.074610589304484
-2.7285432815316444 -32.07527816537336
-2.765076916444692 -31.075945741442247
-2.8016105513577396 -30.076613317511132
-2.8381441862707875 -29.077280893580017
-2.874677821183835 -28.0779484696489
-2.9112114560968827 -27.078616045717784
-2.9477450910099305 -26.07928362178667
-2.984278725922978 -25.07995119785555
-3.020812360836026 -24.080618773924435
-3.0573459957490736 -23.08128634999332
-3.093879630662121 -22.081953926062205
-3.130413265575169 -21.08262150213109
-3.1669469004882167 -20.083289078199968
-3.2034805354012645 -19.083956654268857
-3.240014170314312 -18.084624230337738
-3.2765478052273598 -17.085291806406623
-3.313081440140407 -16.085959382475508
-3.349615075053455 -15.08662695854439
-3.386148709966503 -14.087294534613275
-3.4226823448795507 -13.087962110682156
-3.459215979792598 -12.088629686751041
-3.495749614705646 -11.089297262819922
-3.5322832496186933 -10.089964838888807
-3.568816884531741 -9.090632414957696
-3.605350519444789 -8.091299991026577
-3.641884154357837 -7.0919675670954625
-3.6596017418794533 -6.607324861097833

-99829039_6
-0.16193825812054663 -6.479457138902166
-0.12540462320749893 -7.478789562833282
-0.08887098829445123 -8.478121986764398
-0.05233735338140355 -9.477454410695515
-0.01580371846835582 -10.476786834626632
0.020729916444691854 -11.476119258557748
0.05726355135773953 -12.475451682488863
0.09379718627078726 -13.474784106419978
0.130330821183835 -14.474116530351097
0.1668644560968826 -15.473448954282212
0.20339809100993034 -16.472781378213327
0.23993172592297807 -17.47211380214444
0.2764653608360257 -18.471446226075557
0.3129989957490734 -19.470778650006675
0.34953263066212115 -20.470111073937794
0.38606626557516877 -21.46944349786891
0.4225999004882166 -22.468775921800024
0.4591335354012642 -23.468108345731142
0.49566717031431184 -24.467440769662257
0.5322008052273597 -25.466773193593376
0.5687344401404073 -26.46610561752449
0.6052680750534549 -27.465438041455606
0.6418017099665028 -28.46477046538672
0.6783353448795504 -29.464102889317836
0.714868979792598 -30.46343531324895
0.7514026147056458 -31.46276773718007
0.7879362496186935 -32.46210016111118
0.8244698845317411 -33.4614325850423
0.8610035194447889 -34.46076500897342
0.8975371543578365 -35.46009743290453
0.9152547418794534 -35.94474013890217

99829039_3
-2.132696427107844 20.923167013014346
-2.1192347053853604 21.923076399933116
-2.105772983662877 22.922985786851882
-2.092311261940394 23.922895173770648
-2.0788495402179104 24.922804560689418
-2.065387818495427 25.922713947608187
-2.0519260967729434 26.922623334526953
-2.03846437505046 27.922532721445723
-2.025002653327977 28.92244210836449
-2.0115409316054933 29.92235149528326
-1.9980792098830098 30.922260882202025
-1.9846174881605265 31.92217026912079
-1.971155766438043 32.92207965603956
-1.9576940447155595 33.92198904295833
-1.9442323229930762 34.921898429877096
-1.9307706012705927 35.92180781679586
-1.9173088795481095 36.921717203714636
-1.903847157825626 37.9216265906334
-1.9002304271078438 38.19027001301434

-99829039_3
1.599452427107844 38.14315398698565
1.5859907053853606 37.143244600066886
1.5725289836628773 36.14333521314811
1.5590672619403938 35.14342582622935
1.5456055402179105 34.14351643931058
1.532143818495427 33.143607052391815
1.5186820967729435 32.14369766547304
1.5052203750504602 31.143788278554275
1.4917586533279767 30.14387889163551
1.4782969316054935 29.143969504716743
1.46483520988301 28.144060117797974
1.4513734881605267 27.144150730879204
1.4379117664380432 26.144241343960438
1.4244500447155597 25.14433195704167
1.4109883229930764 24.1444225701229
1.397526601270593 23.144513183204133
1.3840648795481096 22.144603796285367
1.3706031578256261 21.144694409366597
1.366986427107844 20.876050986985657

99829039_7
-1.9995732776165436 46.13004345754217
-2.0197067304495913 47.12984075903734
-2.039840183282639 48.12963806053251
-2.059973636115687 49.12943536202768
-2.080107088948735 50.12923266352284
-2.100240541781783 51.12902996501801
-2.120373994614831 52.12882726651318
-2.1405074474478782 53.12862456800835
-2.160640900280926 54.12842186950351
-2.180774353113974 55.12821917099868
-2.200907805947022 56.128016472493854
-2.22104125878007 57.12781377398902
-2.2411747116131178 58.12761107548418
-2.2613081644461657 59.12740837697935
-2.281441617279213 60.127205678474525
-2.301575070112261 61.12700297996969
-2.321708522945309 62.12680028146486
-2.341841975778357 63.12659758296003
-2.3619754286114047 64.1263948844552
-2.3821088814444527 65.12619218595036
-2.4022423342775 66.12598948744554
-2.422375787110548 67.1257867889407
-2.442509239943596 68.12558409043586
-2.462642692776644 69.12538139193103
-2.4827761456096917 70.1251786934262
-2.5029095984427396 71.12497599492137
-2.5230430512757875 72.12477329641654
-2.543176504108835 73.12457059791171
-2.563309956941883 74.12436789940688
-2.583443409774931 75.12416520090204
-2.6035768626079787 76.1239625023972
-2.6237103154410266 77.12375980389237
-2.643843768274074 78.12355710538755
-2.663977221107122 79.12335440688271
-2.6756782776165435 79.70441145754216

-99829039_7
0.8236122776165437 79.77487854245783
0.8437457304495914 78.77508124096266
0.8638791832826394 77.77528393946749
0.8840126361156871 76.77548663797232
0.904146088948735 75.77568933647716
0.9242795417817828 74.775892034982
0.9444129946148306 73.77609473348681
0.9645464474478785 72.77629743199165
0.9846799002809263 71.77650013049649
1.0048133531139742 70.77670282900132
1.024946805947022 69.77690552750614
1.0450802587800698 68.77710822601098
1.0652137116131177 67.77731092451582
1.0853471644461656 66.77751362302064
1.1054806172792133 65.77771632152547
1.1256140701122612 64.77791902003031
1.1457475229453091 63.77812171853514
1.1658809757783568 62.77832441703997
1.1860144286114047 61.778527115544804
1.2061478814444526 60.77872981404964
1.2262813342775005 59.77893251255447
1.2464147871105482 58.7791352110593
1.266548239943596 57.779337909564134
1.286681692776644 56.77954060806896
1.3068151456096917 55.7797433065738
1.3269485984427396 54.77994600507863
1.3470820512757875 53.780148703583464
1.3672155041088354 52.78035140208829
1.387348956941883 51.78055410059313
1.407482409774931 50.78075679909796
1.4276158626079787 49.780959497602794
1.4477493154410266 48.78116219610762
1.4678827682740745 47.78136489461245
1.4880162211071224 46.78156759311729
1.4997172776165437 46.200510542457835

99829039_5
-2.8436841517147813 87.81878509856905
-2.7958369169405004 88.84537652917238
-2.7476561980338703 89.88201939245113
-2.700211832772443 90.90857163962599
-2.6527095876037516 91.94514851397693
-2.6062061260580105 92.97160924806312
-2.559925663675218 94.00806729079024
-2.514901140047997 95.03438418212757
-2.4703857694990616 96.07067055053477
-2.4273782179931933 97.09679126946305
-2.3851712483260745 98.13285312085426
-2.344718703144393 99.15872533771332
-2.3053634434070496 100.19450982939246
-2.2680039387523876 101.22008121452208
-2.232043697992779 102.2555355037931
-2.1983152680679705 103.28075372753312
-2.166293355334056 104.31582497169993
-2.1367340343419334 105.34063770439016
-2.1091937586816716 106.3752730607567
-2.0843415808250687 107.39962797273694
-2.061826251286419 108.43377459860713
-2.042219250768169 109.45761936021721
-2.025272176399091 110.49122441289497
-2.011448387422027 111.5145066944747
-2.000612877270479 112.54751733126398
-1.9931103340374348 113.57018480315317
-1.9889296971513764 114.60254818135788
-1.9882864338651847 115.62454851389633
-1.9913039792925749 116.65621179082041
-1.9981432400719505 117.68750336448723
-2.008817066944867 118.70840298729532
-2.023670798753649 119.73891506675278
-2.0425503033590457 120.75901659842633
-2.0659618152451937 121.78869634097836
-2.0935850317859024 122.80794745185723
-2.126097632797376 123.83674201480774
-2.1630025954762306 124.85509037523171
-2.205159594660987 125.88294691588463
-2.2518843376808224 126.90034019619354
-2.3042290440868225 127.92720587185282
-2.3613116016504696 128.94359174238647
-2.424387324325672 129.969413710356
-2.492365730635965 130.9847398414542
-2.5667157786283283 132.00946525903797
-2.6461280678881014 133.02367932104053
-2.7322957502455854 134.04725534554242
-2.8236799566576702 135.06030500878913
-2.922208582428234 136.0826787975131
-3.026102740195465 137.09451173234382
-3.1375356184270675 138.11563044259375
-3.2544777617522773 139.12619431934823
-3.3793582014928774 140.1460051084281
-3.509886364578901 141.15524759744625
-3.6487576748764567 142.17369762265994
-3.7934098919261263 143.1815663942815
-3.9468153818285994 144.198602812933
-4.107728478405113 145.21490903542966
-4.2960047252810725 146.34878186758863
-4.493170414448098 147.4918091028232
-4.69343567656991 148.6245158732513
-4.897865169309948 149.7668366248262

-99829039_5
-1.4531882385572334 150.38667953776772
-1.248805179548645 149.2443524593506
-1.045065697238959 148.09194328312103
-0.8461647843682868 146.93906251860923
-0.6545321088523566 145.7854733596821
-0.49501120827763656 144.77904502568308
-0.3427424864428791 143.7719098624121
-0.19759644778057925 142.76408049107724
-0.05944359664968016 141.7555695328939
0.0718455625908754 140.74638960907743
0.19640052558214477 139.7365533408432
0.3143507879651848 138.72607334940656
0.4258258453810526 137.7149622559829
0.5309551934708056 136.70323268178757
0.6298683278755008 135.6908972480359
0.7226947442361956 134.67796857594325
0.8095639381939465 133.664459286725
0.8906054053898111 132.65038200159648
0.9659486414648464 131.6357493417731
1.0357231420601094 130.62057392847018
1.100058402816658 129.60486838290313
1.1590839193755487 128.58864532628724
1.212929187377838 127.57191737983787
1.2617237024645847 126.55469716477043
1.3055969602768445 125.53699730230024
1.3446784564556749 124.51883041364268
1.3790976866421334 123.50020912001312
1.4089841464772765 122.48114604262689
1.4344673316021623 121.46165380269936
1.4556767376578477 120.4417450214459
1.4727418602853888 119.42143232008185
1.4857921951258435 118.40072831982258
1.4949572378202696 117.37964564188344
1.5003664840097222 116.35819690747981
1.5021494293352609 115.33639473782702
1.5004355694379408 114.31425175414047
1.495354399958822 113.29178057763548
1.4870354165389585 112.26899382952742
1.4756081148194076 111.24590413103165
1.4612019904412286 110.22252410336355
1.443946539045477 109.19886636773843
1.4239712562732103 108.1749435453717
1.4014056377654853 107.1507682574787
1.37637917916336 106.12635312527478
1.349021376107891 105.1017107699753
1.3194617242401359 104.07685381279562
1.2878297192011519 103.05179487495113
1.2542548566319942 102.02654657765713
1.218866632173722 101.00112154212903
1.1817945414673912 99.97553238958217
1.1431680801540622 98.9497917412319
1.1031167438747884 97.92391221829362
1.0617700282706264 96.89790644198263
1.0192574289826375 95.87178703351434
0.9757084416518738 94.84556661410406
0.9312525619193979 93.8192578049672
0.8860192854262618 92.79287322731908
0.8401381078135262 91.76642550237507
0.7937385247222473 90.73992725135054
0.7469500317934794 89.71339109546082
0.6999021246682853 88.68682965592133
0.6527242989877178 87.66025555394737

99829039_8
-5.352514878047614 158.12186926998965
-5.2890747237678255 159.11985491458827
-5.2256345694880375 160.11784055918693
-5.162194415208249 161.11582620378556
-5.09875426092846 162.1138118483842
-5.035314106648672 163.11179749298282
-4.971873952368883 164.10978313758147
-4.908433798089094 165.1077687821801
-4.844993643809305 166.10575442677873
-4.781553489529517 167.1037400713774
-4.718113335249728 168.10172571597602
-4.654673180969939 169.09971136057464
-4.591233026690151 170.0976970051733
-4.527792872410362 171.09568264977193
-4.4643527181305735 172.09366829437056
-4.434004878047615 172.57107426998965

-99829039_8
-0.9410551219523857 172.34903373001038
-1.0044952762321744 171.35104808541175
-1.067935430511963 170.3530624408131
-1.1313755847917517 169.35507679621446
-1.1948157390715402 168.35709115161583
-1.258255893351329 167.3591055070172
-1.3216960476311175 166.36111986241855
-1.3851362019109064 165.36313421781992
-1.4485763561906948 164.3651485732213
-1.5120165104704835 163.36716292862263
-1.5754566647502721 162.369177284024
-1.6388968190300608 161.37119163942538
-1.7023369733098495 160.37320599482672
-1.7657771275896381 159.3752203502281
-1.8292172818694268 158.37723470562946
-1.8595651219523857 157.89982873001037

