142865483
86.02632251809027 15.325093589606107 0.0
83.96632674356945 15.320921185454134 0.0
81.90633096904865 15.316748781302161 0.0
79.84633519452784 15.312576377150188 0.0
77.78633942000702 15.308403972998217 0.0
75.72634364548621 15.304231568846244 0.0
73.66634787096541 15.300059164694272 0.0
71.6063520964446 15.295886760542299 0.0
69.53635634243582 15.29169410200124 0.0
67.47636056791501 15.287521697849266 0.0
65.4163647933942 15.283349293697293 0.0
63.35636901887339 15.27917688954532 0.0
61.29637324435258 15.27500448539335 0.0
59.236377469831766 15.270832081241377 0.0
57.17638169531096 15.266659677089404 0.0
55.11638592079015 15.262487272937431 0.0
53.04639016678137 15.258294614396371 0.0
50.986394392260564 15.254122210244399 0.0
48.92639861773975 15.249949806092426 0.0
46.86640284321894 15.245777401940453 0.0
44.806407068698135 15.24160499778848 0.0
42.74641129417732 15.237432593636509 0.0
40.68641551965651 15.233260189484536 0.0
38.626419745135706 15.229087785332563 0.0
36.55642399112693 15.224895126791504 0.0
34.49642821660611 15.22072272263953 0.0
32.436432442085305 15.216550318487558 0.0
30.376436667564498 15.212377914335585 0.0
28.316440893043684 15.208205510183612 0.0
26.25644511852287 15.20403310603164 0.0
24.19644934400207 15.199860701879668 0.0
22.136453569481255 15.195688297727695 0.0
20.066457815472475 15.191495639186636 0.0
18.006462040951675 15.187323235034663 0.0
15.94646626643086 15.18315083088269 0.0
13.886470491910046 15.178978426730717 0.0
11.826474717389232 15.174806022578744 0.0
9.766478942868417 15.170633618426772 0.0
7.706483168347617 15.1664612142748 0.0
5.646487393826817 15.162288810122828 0.0
3.5764916398180304 15.158096151581768 0.0

-142865483
3.5597444819097324 18.658069410393892 0.0
5.619740256430543 18.662241814545865 0.0
7.679736030951354 18.666414218697838 0.0
9.739731805472163 18.67058662284981 0.0
11.799727579992974 18.674759027001784 0.0
13.859723354513784 18.678931431153757 0.0
15.919719129034593 18.68310383530573 0.0
17.979714903555404 18.6872762394577 0.0
20.04971065756418 18.69146889799876 0.0
22.10970643208499 18.695641302150733 0.0
24.1697022066058 18.699813706302706 0.0
26.229697981126613 18.70398611045468 0.0
28.28969375564742 18.70815851460665 0.0
30.34968953016823 18.712330918758624 0.0
32.40968530468904 18.716503322910597 0.0
34.469681079209856 18.72067572706257 0.0
36.53967683321863 18.724868385603628 0.0
38.599672607739436 18.7290407897556 0.0
40.65966838226025 18.733213193907574 0.0
42.71966415678106 18.737385598059547 0.0
44.779659931301865 18.74155800221152 0.0
46.83965570582268 18.745730406363492 0.0
48.89965148034349 18.749902810515465 0.0
50.959647254864294 18.754075214667438 0.0
53.02964300887307 18.758267873208496 0.0
55.08963878339389 18.76244027736047 0.0
57.149634557914695 18.76661268151244 0.0
59.2096303324355 18.770785085664414 0.0
61.269626106956316 18.774957489816387 0.0
63.32962188147713 18.77912989396836 0.0
65.38961765599794 18.783302298120333 0.0
67.44961343051875 18.787474702272306 0.0
69.51960918452752 18.791667360813364 0.0
71.57960495904832 18.795839764965336 0.0
73.63960073356914 18.80001216911731 0.0
75.69959650808995 18.804184573269282 0.0
77.75959228261077 18.808356977421255 0.0
79.81958805713158 18.812529381573228 0.0
81.87958383165238 18.8167017857252 0.0
83.93957960617318 18.820874189877173 0.0
86.00957536018197 18.82506684841823 0.0

142865550
-77.16676281837225 -37.487445258894084 0.0
-75.00676557516603 -37.19280665086465 0.0
-72.84676833195981 -36.89816804283521 0.0
-70.68677108875359 -36.60352943480578 0.0
-68.52677384554735 -36.30889082677634 0.0
-66.36677660234113 -36.014252218746904 0.0
-64.20677935913491 -35.719613610717474 0.0
-62.04678211592869 -35.424975002688036 0.0
-59.88678487272247 -35.1303363946586 0.0
-57.72678762951625 -34.83569778662916 0.0
-55.56679038631003 -34.541059178599724 0.0
-53.40679314310381 -34.246420570570294 0.0
-51.24679589989759 -33.951781962540856 0.0

-142865550
-50.76825618162775 -37.418917741105915 0.0
-52.92825342483397 -37.71355634913535 0.0
-55.08825066804019 -38.00819495716479 0.0
-57.248247911246416 -38.30283356519422 0.0
-59.408245154452636 -38.59747217322366 0.0
-61.56824239765886 -38.892110781253095 0.0
-63.72823964086508 -39.186749389282525 0.0
-65.8882368840713 -39.48138799731196 0.0
-68.04823412727752 -39.7760266053414 0.0
-70.20823137048374 -40.07066521337084 0.0
-72.36822861368996 -40.365303821400275 0.0
-74.52822585689619 -40.659942429429705 0.0
-76.6882231001024 -40.95458103745914 0.0

142865553
-77.57922693103019 73.33806798918373 0.0
-75.42750702444239 73.61913994366115 0.0
-73.26587135791638 73.90150716060161 0.0
-71.11415145132858 74.18257911507902 0.0
-68.95251578480259 74.46494633201948 0.0
-66.79088011827658 74.74731354895994 0.0
-64.63916021168878 75.02838550343736 0.0
-62.47752454516277 75.3107527203778 0.0
-60.31588887863677 75.59311993731826 0.0
-58.16416897204897 75.87419189179569 0.0
-56.00253330552297 76.15655910873615 0.0
-53.840897638996964 76.43892632567659 0.0

-142865553
-53.38503206896982 72.96874001081628 0.0
-55.53675197555763 72.68766805633885 0.0
-57.69838764208363 72.4053008393984 0.0
-59.85010754867143 72.12422888492098 0.0
-62.011743215197434 71.84186166798052 0.0
-64.17337888172344 71.55949445104007 0.0
-66.32509878831124 71.27842249656264 0.0
-68.48673445483723 70.99605527962218 0.0
-70.64837012136324 70.71368806268174 0.0
-72.80009002795104 70.43261610820431 0.0
-74.96172569447705 70.15024889126386 0.0
-77.12336136100305 69.8678816743234 0.0

99829039_1
-0.3302067279251646 -176.93558299059862 -0.0
-0.36510079675095886 -174.85587570255043 -0.0
-0.3999948655767532 -172.77616841450222 -0.0
-0.4350566943488253 -170.68646253372304 -0.0
-0.4699507631746196 -168.60675524567483 -0.0
-0.5050125919466918 -166.51704936489563 -0.0
-0.5399066607724861 -164.43734207684744 -0.0
-0.5748007295982803 -162.35763478879926 -0.0
-0.6098625583703525 -160.26792890802005 -0.0
-0.6447566271961468 -158.18822161997184 -0.0
-0.679818455968219 -156.09851573919266 -0.0
-0.7147125247940133 -154.01880845114445 -0.0
-0.7496065936198075 -151.93910116309627 -0.0
-0.7846684223918796 -149.84939528231706 -0.0
-0.819562491217674 -147.76968799426888 -0.0
-0.8546243199897462 -145.67998211348967 -0.0
-0.8895183888155405 -143.6002748254415 -0.0
-0.9244124576413347 -141.52056753739328 -0.0
-0.9594742864134068 -139.4308616566141 -0.0
-0.9943683552392012 -137.3511543685659 -0.0
-1.0294301840112734 -135.2614484877867 -0.0
-1.0643242528370676 -133.1817411997385 -0.0
-1.099218321662862 -131.1020339116903 -0.0
-1.134280150434934 -129.0123280309111 -0.0
-1.1691742192607282 -126.93262074286292 -0.0
-1.2042360480328005 -124.84291486208372 -0.0
-1.2391301168585946 -122.76320757403553 -0.0
-1.274191945630667 -120.67350169325633 -0.0

-99829039_1
2.2251847279251646 -120.60699100940137 0.0
2.260078796750959 -122.68669829744957 0.0
2.294972865576753 -124.76640558549776 0.0
2.3300346943488255 -126.85611146627696 0.0
2.3649287631746194 -128.93581875432514 0.0
2.3999905919466915 -131.02552463510435 0.0
2.434884660772486 -133.10523192315253 0.0
2.4697787295982803 -135.18493921120074 0.0
2.5048405583703524 -137.27464509197995 0.0
2.5397346271961467 -139.35435238002813 0.0
2.574796455968219 -141.44405826080734 0.0
2.609690524794013 -143.52376554885552 0.0
2.644584593619807 -145.60347283690373 0.0
2.6796464223918792 -147.6931787176829 0.0
2.7145404912176736 -149.77288600573112 0.0
2.7496023199897457 -151.8625918865103 0.0
2.78449638881554 -153.9422991745585 0.0
2.8193904576413344 -156.0220064626067 0.0
2.8544522864134065 -158.1117123433859 0.0
2.8893463552392005 -160.1914196314341 0.0
2.9244081840112726 -162.2811255122133 0.0
2.959302252837067 -164.36083280026148 0.0
2.9941963216628613 -166.4405400883097 0.0
3.0292581504349334 -168.53024596908887 0.0
3.064152219260728 -170.60995325713708 0.0
3.0992140480328 -172.69965913791629 0.0
3.1341081168585943 -174.77936642596447 0.0
3.1691699456306663 -176.86907230674365 0.0

99829041_1
59.170036629806 177.36313149607858 0.0
57.12194898235518 177.27460472973442 0.0
55.06387066345337 177.18564612550563 0.0
53.01578301600255 177.09711935916147 0.0
50.95770469710075 177.00816075493267 0.0
48.899626378198946 176.9192021507039 0.0
46.851538730748125 176.83067538435975 0.0
44.793460411846326 176.74171678013096 0.0
42.73538209294452 176.6527581759022 0.0
40.6872944454937 176.564231409558 0.0
38.6292161265919 176.47527280532924 0.0
36.57113780769009 176.38631420110048 0.0
34.523050160239265 176.2977874347563 0.0
32.46497184133747 176.20882883052752 0.0
30.406893522435666 176.11987022629873 0.0
28.358805874984842 176.03134345995457 0.0
26.30072755608304 175.94238485572578 0.0
24.25263990863222 175.85385808938162 0.0
22.19456158973042 175.76489948515285 0.0
20.136483270828613 175.67594088092406 0.0
18.088395623377792 175.5874141145799 0.0
16.030317304475993 175.4984555103511 0.0
13.972238985574187 175.40949690612234 0.0
11.924151338123366 175.32097013977818 0.0
9.86607301922156 175.2320115355494 0.0
7.807994700319753 175.14305293132063 0.0
5.75990705286894 175.05452616497644 0.0
3.701828733967133 174.96556756074767 0.0
1.643750415065334 174.8766089565189 0.0

-99829041_1
1.4869283701940006 178.37309850392143 0.0
3.535016017644823 178.46162527026559 0.0
5.593094336546626 178.55058387449438 0.0
7.641181983997448 178.63911064083854 0.0
9.699260302899251 178.72806924506733 0.0
11.757338621801052 178.8170278492961 0.0
13.805426269251875 178.90555461564026 0.0
15.863504588153678 178.99451321986905 0.0
17.92158290705548 179.0834718240978 0.0
19.9696705545063 179.171998590442 0.0
22.027748873408104 179.26095719467077 0.0
24.085827192309907 179.34991579889953 0.0
26.13391483976073 179.43844256524372 0.0
28.19199315866253 179.52740116947248 0.0
30.250071477564333 179.61635977370128 0.0
32.29815912501516 179.70488654004544 0.0
34.35623744391696 179.79384514427423 0.0
36.40432509136778 179.8823719106184 0.0
38.46240341026958 179.97133051484715 0.0
40.52048172917139 180.06028911907595 0.0
42.56856937662221 180.1488158854201 0.0
44.62664769552401 180.2377744896489 0.0
46.68472601442581 180.32673309387766 0.0
48.732813661876634 180.41525986022182 0.0
50.79089198077844 180.50421846445062 0.0
52.848970299680246 180.59317706867938 0.0
54.89705794713106 180.68170383502357 0.0
56.955136266032866 180.77066243925233 0.0
59.013214584934666 180.8596210434811 0.0

99829041_2
-6.382333035965626 174.5888421524397 0.0
-8.43150231453627 174.53048748028513 0.0
-10.480671593106914 174.4721328081306 0.0
-12.529840871677559 174.41377813597603 0.0
-14.589006097948548 174.35513880688416 0.0
-16.638175376519193 174.2967841347296 0.0
-18.687344655089838 174.23842946257506 0.0
-20.73651393366048 174.1800747904205 0.0
-22.79567915993147 174.12143546132862 0.0
-24.84484843850211 174.06308078917405 0.0
-26.894017717072757 174.00472611701952 0.0
-28.9431869956434 173.94637144486495 0.0
-31.00235222191439 173.88773211577305 0.0
-33.05152150048503 173.8293774436185 0.0
-35.100690779055675 173.77102277146395 0.0
-37.14986005762632 173.7126680993094 0.0
-39.20902528389732 173.6540287702175 0.0
-41.25819456246795 173.59567409806297 0.0
-43.307363841038594 173.5373194259084 0.0
-45.366529067309585 173.47868009681653 0.0
-47.41569834588023 173.42032542466197 0.0
-49.464867624450875 173.3619707525074 0.0
-51.51403690302152 173.30361608035287 0.0
-53.57320212929251 173.24497675126096 0.0
-55.622371407863156 173.18662207910643 0.0
-57.6715406864338 173.12826740695186 0.0
-59.72070996500443 173.06991273479733 0.0
-61.77987519127542 173.01127340570542 0.0
-63.82904446984607 172.9529187335509 0.0
-65.87821374841671 172.89456406139632 0.0
-67.92738302698736 172.8362093892418 0.0
-69.98654825325835 172.77757006014988 0.0
-72.03571753182901 172.71921538799532 0.0
-74.08488681039964 172.66086071584078 0.0
-76.14405203667063 172.60222138674888 0.0
-78.19322131524127 172.54386671459434 0.0
-80.24239059381192 172.48551204243978 0.0
-82.29155987238256 172.42715737028524 0.0
-84.35072509865356 172.36851804119334 0.0
-86.39989437722419 172.3101633690388 0.0
-88.44906365579484 172.25180869688424 0.0
-90.49823293436549 172.1934540247297 0.0
-92.55739816063648 172.1348146956378 0.0
-94.60656743920713 172.07646002348324 0.0
-96.65573671777776 172.0181053513287 0.0
-98.7049059963484 171.95975067917414 0.0
-100.76407122261939 171.90111135008226 0.0
-102.81324050119004 171.8427566779277 0.0
-104.86240977976068 171.78440200577316 0.0
-106.92157500603166 171.72576267668126 0.0

-99829041_2
-107.02171496403437 175.2243298475603 0.0
-104.97254568546373 175.28268451971488 0.0
-102.92337640689308 175.3410391918694 0.0
-100.87420712832244 175.39939386402398 0.0
-98.81504190205145 175.45803319311585 0.0
-96.7658726234808 175.51638786527042 0.0
-94.71670334491016 175.57474253742495 0.0
-92.66753406633951 175.63309720957952 0.0
-90.60836884006852 175.6917365386714 0.0
-88.55919956149788 175.75009121082596 0.0
-86.51003028292723 175.8084458829805 0.0
-84.46086100435659 175.86680055513506 0.0
-82.40169577808561 175.92543988422696 0.0
-80.35252649951497 175.9837945563815 0.0
-78.30335722094432 176.04214922853606 0.0
-76.25418794237368 176.1005039006906 0.0
-74.19502271610267 176.1591432297825 0.0
-72.14585343753204 176.21749790193704 0.0
-70.0966841589614 176.2758525740916 0.0
-68.0375189326904 176.33449190318348 0.0
-65.98834965411976 176.39284657533804 0.0
-63.939180375549114 176.4512012474926 0.0
-61.890011096978476 176.50955591964714 0.0
-59.830845870707485 176.56819524873904 0.0
-57.78167659213684 176.62654992089358 0.0
-55.73250731356619 176.68490459304815 0.0
-53.68333803499555 176.74325926520268 0.0
-51.62417280872456 176.80189859429458 0.0
-49.575003530153914 176.86025326644912 0.0
-47.52583425158327 176.91860793860369 0.0
-45.476664973012625 176.97696261075822 0.0
-43.41749974674163 177.03560193985012 0.0
-41.36833046817098 177.0939566120047 0.0
-39.31916118960035 177.15231128415923 0.0
-37.25999596332936 177.21095061325113 0.0
-35.210826684758715 177.26930528540566 0.0
-33.16165740618807 177.32765995756023 0.0
-31.112488127617425 177.38601462971477 0.0
-29.053322901346434 177.44465395880667 0.0
-27.00415362277579 177.5030086309612 0.0
-24.954984344205144 177.56136330311577 0.0
-22.9058150656345 177.6197179752703 0.0
-20.846649839363508 177.6783573043622 0.0
-18.797480560792863 177.73671197651677 0.0
-16.748311282222218 177.7950666486713 0.0
-14.699142003651588 177.85342132082587 0.0
-12.639976777380596 177.91206064991775 0.0
-10.590807498809951 177.9704153220723 0.0
-8.541638220239307 178.02876999422685 0.0
-6.482472993968315 178.08740932331875 0.0

99829039_4
-3.4687413042606394 1.5854298592835139 0.0
-3.2777718320594498 3.8774880305974975 0.0
-3.0868023598582597 6.169546201911481 0.0
-2.89583288765707 8.461604373225464 0.0
-2.70486341545588 10.753662544539447 0.0
-2.513063641201642 13.05568618616349 0.0

-99829039_4
0.9751343042606393 12.768481140716485 0.0
0.7841648320594494 10.476422969402503 0.0
0.5931953598582597 8.18436479808852 0.0
0.4022258876570699 5.892306626774537 0.0
0.21125641545588003 3.6002484554605534 0.0
0.0194566412016417 1.2982248138365104 0.0

142865547_1
-6.047565836361642 -4.31725537779046 0.0
-8.217535304821812 -4.328766500702024 0.0
-10.387504773281982 -4.340277623613588 0.0
-12.567474101043814 -4.351841793174514 0.0
-14.737443569503982 -4.363352916086078 0.0
-16.917412897265812 -4.374917085647004 0.0
-19.087382365725986 -4.386428208558568 0.0
-21.267351693487814 -4.397992378119494 0.0
-23.437321161947985 -4.409503501031058 0.0
-25.617290489709816 -4.4210676705919845 0.0
-27.787259958169987 -4.4325787935035486 0.0
-29.96722928593182 -4.444142963064475 0.0
-32.13719875439199 -4.455654085976039 0.0
-34.31716808215381 -4.467218255536965 0.0
-36.48713755061399 -4.478729378448529 0.0
-38.66710687837581 -4.490293548009455 0.0
-40.837076346835985 -4.501804670921019 0.0
-43.01704567459782 -4.513368840481945 0.0

-142865547_1
-43.04231116363836 -1.0134536222095396 0.0
-40.87234169517819 -1.0019424992979755 0.0
-38.70237222671802 -0.9904313763864114 0.0
-36.52240289895619 -0.9788672068254853 0.0
-34.35243343049602 -0.9673560839139212 0.0
-32.17246410273419 -0.9557919143529952 0.0
-30.002494634274015 -0.9442807914414311 0.0
-27.822525306512187 -0.932716621880505 0.0
-25.652555838052017 -0.9212054989689409 0.0
-23.472586510290185 -0.9096413294080148 0.0
-21.302617041830015 -0.8981302064964507 0.0
-19.122647714068183 -0.8865660369355246 0.0
-16.952678245608016 -0.8750549140239605 0.0
-14.772708917846185 -0.8634907444630344 0.0
-12.602739449386014 -0.8519796215514703 0.0
-10.42277012162419 -0.8404154519905442 0.0
-8.252800653164016 -0.8289043290789802 0.0
-6.072831325402184 -0.817340159518054 0.0

