142865483
86.03 15.33
85.02 15.32
84.0 15.32
82.98 15.32
81.96 15.32
80.95 15.31
79.93 15.31
78.91 15.31
77.89 15.31
76.87 15.31
75.86 15.3
74.84 15.3
73.82 15.3
72.8 15.3
71.78 15.3
70.77 15.29
69.75 15.29
68.73 15.29
67.71 15.29
66.69 15.29
65.68 15.28
64.66 15.28
63.64 15.28
62.62 15.28
61.61 15.28
60.59 15.27
59.57 15.27
58.55 15.27
57.53 15.27
56.52 15.27
55.5 15.26
54.48 15.26
53.46 15.26
52.44 15.26
51.43 15.26
50.41 15.25
49.39 15.25
48.37 15.25
47.35 15.25
46.34 15.24
45.32 15.24
44.3 15.24
43.28 15.24
42.27 15.24
41.25 15.23
40.23 15.23
39.21 15.23
38.19 15.23
37.18 15.23
36.16 15.22
35.14 15.22
34.12 15.22
33.1 15.22
32.09 15.22
31.07 15.21
30.05 15.21
29.03 15.21
28.01 15.21
27.0 15.21
25.98 15.2
24.96 15.2
23.94 15.2
22.93 15.2
21.91 15.2
20.89 15.19
19.87 15.19
18.85 15.19
17.84 15.19
16.82 15.18
15.8 15.18
14.78 15.18
13.76 15.18
12.75 15.18
11.73 15.17
10.71 15.17
9.69 15.17
8.67 15.17
7.66 15.17
6.64 15.16
5.62 15.16
4.6 15.16
3.58 15.16

-142865483
3.56 18.66
4.57 18.66
5.59 18.66
6.61 18.66
7.63 18.67
8.64 18.67
9.66 18.67
10.68 18.67
11.7 18.67
12.72 18.68
13.73 18.68
14.75 18.68
15.77 18.68
16.79 18.68
17.81 18.69
18.82 18.69
19.84 18.69
20.86 18.69
21.88 18.7
22.9 18.7
23.91 18.7
24.93 18.7
25.95 18.7
26.97 18.71
27.98 18.71
29.0 18.71
30.02 18.71
31.04 18.71
32.06 18.72
33.07 18.72
34.09 18.72
35.11 18.72
36.13 18.72
37.15 18.73
38.16 18.73
39.18 18.73
40.2 18.73
41.22 18.73
42.24 18.74
43.25 18.74
44.27 18.74
45.29 18.74
46.31 18.74
47.32 18.75
48.34 18.75
49.36 18.75
50.38 18.75
51.4 18.75
52.41 18.76
53.43 18.76
54.45 18.76
55.47 18.76
56.49 18.77
57.5 18.77
58.52 18.77
59.54 18.77
60.56 18.77
61.58 18.78
62.59 18.78
63.61 18.78
64.63 18.78
65.65 18.78
66.66 18.79
67.68 18.79
68.7 18.79
69.72 18.79
70.74 18.79
71.75 18.8
72.77 18.8
73.79 18.8
74.81 18.8
75.83 18.8
76.84 18.81
77.86 18.81
78.88 18.81
79.9 18.81
80.92 18.81
81.93 18.82
82.95 18.82
83.97 18.82
84.99 18.82
86.01 18.83

142865550
-77.17 -37.49
-76.14 -37.35
-75.1 -37.2
-74.07 -37.06
-73.03 -36.92
-71.98 -36.78
-70.95 -36.64
-69.91 -36.5
-68.87 -36.36
-67.84 -36.22
-66.8 -36.07
-65.76 -35.93
-64.73 -35.79
-63.69 -35.65
-62.66 -35.51
-61.62 -35.37
-60.58 -35.22
-59.55 -35.08
-58.51 -34.94
-57.47 -34.8
-56.44 -34.66
-55.4 -34.52
-54.36 -34.38
-53.33 -34.24
-52.29 -34.09
-51.25 -33.95

-142865550
-50.77 -37.42
-51.8 -37.56
-52.84 -37.7
-53.87 -37.84
-54.91 -37.98
-55.95 -38.13
-56.98 -38.27
-58.02 -38.41
-59.06 -38.55
-60.09 -38.69
-61.13 -38.83
-62.17 -38.97
-63.2 -39.12
-64.24 -39.26
-65.27 -39.4
-66.31 -39.54
-67.35 -39.68
-68.39 -39.82
-69.43 -39.96
-70.47 -40.11
-71.5 -40.25
-72.54 -40.39
-73.58 -40.53
-74.61 -40.67
-75.65 -40.81
-76.69 -40.95

142865553
-77.58 73.34
-76.55 73.47
-75.52 73.61
-74.49 73.74
-73.45 73.88
-72.42 74.01
-71.39 74.15
-70.36 74.28
-69.33 74.42
-68.3 74.55
-67.27 74.69
-66.24 74.82
-65.19 74.96
-64.16 75.09
-63.13 75.23
-62.1 75.36
-61.07 75.49
-60.04 75.63
-59.01 75.76
-57.98 75.9
-56.94 76.03
-55.91 76.17
-54.88 76.3
-53.84 76.44

-142865553
-53.39 72.97
-54.42 72.83
-55.45 72.7
-56.48 72.56
-57.51 72.43
-58.54 72.3
-59.57 72.16
-60.6 72.03
-61.63 71.89
-62.67 71.76
-63.7 71.62
-64.73 71.49
-65.77 71.35
-66.8 71.22
-67.83 71.08
-68.86 70.95
-69.89 70.81
-70.93 70.68
-71.96 70.54
-72.99 70.41
-74.02 70.27
-75.05 70.14
-76.08 70.0
-77.12 69.87

99829039_1
-0.33 -176.94
-0.35 -175.92
-0.36 -174.9
-0.38 -173.88
-0.4 -172.85
-0.42 -171.83
-0.43 -170.81
-0.45 -169.78
-0.47 -168.76
-0.48 -167.74
-0.5 -166.71
-0.52 -165.69
-0.54 -164.67
-0.55 -163.64
-0.57 -162.62
-0.59 -161.6
-0.6 -160.58
-0.62 -159.55
-0.64 -158.53
-0.66 -157.51
-0.67 -156.48
-0.69 -155.46
-0.71 -154.44
-0.72 -153.41
-0.74 -152.39
-0.76 -151.37
-0.78 -150.34
-0.79 -149.32
-0.81 -148.3
-0.83 -147.28
-0.85 -146.25
-0.86 -145.23
-0.88 -144.21
-0.9 -143.18
-0.91 -142.16
-0.93 -141.14
-0.95 -140.11
-0.97 -139.09
-0.98 -138.07
-1.0 -137.04
-1.02 -136.02
-1.03 -135.0
-1.05 -133.98
-1.07 -132.95
-1.09 -131.93
-1.1 -130.91
-1.12 -129.88
-1.14 -128.86
-1.15 -127.84
-1.17 -126.81
-1.19 -125.79
-1.21 -124.77
-1.22 -123.74
-1.24 -122.72
-1.26 -121.7
-1.27 -120.67

-99829039_1
2.23 -120.61
2.24 -121.63
2.26 -122.65
2.28 -123.67
2.29 -124.7
2.31 -125.72
2.33 -126.74
2.35 -127.77
2.36 -128.79
2.38 -129.81
2.4 -130.84
2.41 -131.86
2.43 -132.88
2.45 -133.91
2.47 -134.92
2.48 -135.94
2.5 -136.96
2.52 -137.99
2.53 -139.01
2.55 -140.03
2.57 -141.06
2.59 -142.08
2.6 -143.1
2.62 -144.13
2.64 -145.15
2.65 -146.17
2.67 -147.2
2.69 -148.22
2.71 -149.24
2.72 -150.26
2.74 -151.29
2.76 -152.31
2.77 -153.33
2.79 -154.36
2.81 -155.38
2.83 -156.4
2.84 -157.43
2.86 -158.45
2.88 -159.47
2.89 -160.5
2.91 -161.52
2.93 -162.54
2.95 -163.56
2.96 -164.59
2.98 -165.61
3.0 -166.63
3.01 -167.66
3.03 -168.68
3.05 -169.7
3.07 -170.73
3.08 -171.75
3.1 -172.77
3.12 -173.8
3.13 -174.82
3.15 -175.84
3.17 -176.87

99829041_1
59.17 177.36
58.16 177.32
57.15 177.28
56.14 177.23
55.13 177.19
54.12 177.15
53.12 177.1
52.11 177.06
51.1 177.01
50.09 176.97
49.08 176.93
48.07 176.88
47.06 176.84
46.05 176.8
45.04 176.75
44.03 176.71
43.03 176.67
42.02 176.62
41.01 176.58
40.0 176.53
38.99 176.49
37.98 176.45
36.97 176.4
35.96 176.36
34.95 176.32
33.94 176.27
32.93 176.23
31.93 176.19
30.92 176.14
29.91 176.1
28.9 176.05
27.89 176.01
26.88 175.97
25.87 175.92
24.86 175.88
23.85 175.84
22.84 175.79
21.83 175.75
20.83 175.71
19.82 175.66
18.81 175.62
17.8 175.57
16.79 175.53
15.78 175.49
14.77 175.44
13.76 175.4
12.75 175.36
11.74 175.31
10.74 175.27
9.73 175.23
8.72 175.18
7.71 175.14
6.7 175.1
5.69 175.05
4.68 175.01
3.67 174.96
2.66 174.92
1.64 174.88

-99829041_1
1.49 178.37
2.5 178.42
3.51 178.46
4.51 178.5
5.52 178.55
6.53 178.59
7.54 178.63
8.55 178.68
9.56 178.72
10.57 178.77
11.58 178.81
12.59 178.85
13.6 178.9
14.6 178.94
15.61 178.98
16.62 179.03
17.63 179.07
18.64 179.11
19.65 179.16
20.66 179.2
21.67 179.25
22.68 179.29
23.69 179.33
24.7 179.38
25.7 179.42
26.71 179.46
27.72 179.51
28.73 179.55
29.74 179.59
30.75 179.64
31.76 179.68
32.77 179.73
33.78 179.77
34.79 179.81
35.79 179.86
36.8 179.9
37.81 179.94
38.82 179.99
39.83 180.03
40.84 180.07
41.85 180.12
42.86 180.16
43.87 180.2
44.88 180.25
45.89 180.29
46.89 180.34
47.9 180.38
48.91 180.42
49.92 180.47
50.93 180.51
51.94 180.55
52.95 180.6
53.96 180.64
54.97 180.68
55.98 180.73
56.99 180.77
57.99 180.82
59.01 180.86

99829041_2
-6.38 174.59
-7.38 174.56
-8.39 174.53
-9.39 174.5
-10.4 174.47
-11.4 174.45
-12.41 174.42
-13.42 174.39
-14.42 174.36
-15.43 174.33
-16.43 174.3
-17.44 174.27
-18.44 174.25
-19.45 174.22
-20.46 174.19
-21.46 174.16
-22.47 174.13
-23.47 174.1
-24.47 174.07
-25.48 174.04
-26.48 174.02
-27.49 173.99
-28.49 173.96
-29.5 173.93
-30.5 173.9
-31.51 173.87
-32.52 173.84
-33.52 173.82
-34.53 173.79
-35.53 173.76
-36.54 173.73
-37.54 173.7
-38.55 173.67
-39.56 173.64
-40.56 173.62
-41.57 173.59
-42.57 173.56
-43.58 173.53
-44.59 173.5
-45.59 173.47
-46.6 173.44
-47.6 173.42
-48.61 173.39
-49.6 173.36
-50.61 173.33
-51.62 173.3
-52.62 173.27
-53.63 173.24
-54.63 173.21
-55.64 173.19
-56.65 173.16
-57.65 173.13
-58.66 173.1
-59.66 173.07
-60.67 173.04
-61.67 173.01
-62.68 172.99
-63.69 172.96
-64.69 172.93
-65.7 172.9
-66.7 172.87
-67.71 172.84
-68.71 172.81
-69.72 172.79
-70.73 172.76
-71.73 172.73
-72.74 172.7
-73.74 172.67
-74.74 172.64
-75.75 172.61
-76.75 172.58
-77.76 172.56
-78.76 172.53
-79.77 172.5
-80.77 172.47
-81.78 172.44
-82.79 172.41
-83.79 172.38
-84.8 172.36
-85.8 172.33
-86.81 172.3
-87.81 172.27
-88.82 172.24
-89.83 172.21
-90.83 172.18
-91.84 172.16
-92.84 172.13
-93.85 172.1
-94.86 172.07
-95.86 172.04
-96.87 172.01
-97.87 171.98
-98.87 171.95
-99.87 171.93
-100.88 171.9
-101.89 171.87
-102.89 171.84
-103.9 171.81
-104.9 171.78
-105.91 171.75
-106.92 171.73

-99829041_2
-107.02 175.22
-106.02 175.25
-105.01 175.28
-104.01 175.31
-103.0 175.34
-102.0 175.37
-100.99 175.4
-99.98 175.42
-98.98 175.45
-97.98 175.48
-96.98 175.51
-95.97 175.54
-94.97 175.57
-93.96 175.6
-92.95 175.63
-91.95 175.65
-90.94 175.68
-89.94 175.71
-88.93 175.74
-87.92 175.77
-86.92 175.8
-85.91 175.83
-84.91 175.85
-83.9 175.88
-82.9 175.91
-81.89 175.94
-80.88 175.97
-79.88 176.0
-78.87 176.03
-77.87 176.05
-76.86 176.08
-75.86 176.11
-74.85 176.14
-73.85 176.17
-72.85 176.2
-71.84 176.23
-70.84 176.25
-69.83 176.28
-68.82 176.31
-67.82 176.34
-66.81 176.37
-65.81 176.4
-64.8 176.43
-63.8 176.46
-62.79 176.48
-61.78 176.51
-60.78 176.54
-59.77 176.57
-58.77 176.6
-57.76 176.63
-56.75 176.66
-55.75 176.68
-54.74 176.71
-53.74 176.74
-52.73 176.77
-51.73 176.8
-50.72 176.83
-49.71 176.86
-48.72 176.88
-47.71 176.91
-46.71 176.94
-45.7 176.97
-44.7 177.0
-43.69 177.03
-42.68 177.06
-41.68 177.09
-40.67 177.11
-39.67 177.14
-38.66 177.17
-37.65 177.2
-36.65 177.23
-35.64 177.26
-34.64 177.29
-33.63 177.31
-32.63 177.34
-31.62 177.37
-30.61 177.4
-29.61 177.43
-28.6 177.46
-27.6 177.49
-26.59 177.51
-25.59 177.54
-24.59 177.57
-23.58 177.6
-22.58 177.63
-21.57 177.66
-20.57 177.69
-19.56 177.72
-18.55 177.74
-17.55 177.77
-16.54 177.8
-15.54 177.83
-14.53 177.86
-13.53 177.89
-12.52 177.92
-11.51 177.94
-10.51 177.97
-9.5 178.0
-8.5 178.03
-7.49 178.06
-6.48 178.09

99829039_4
-3.47 1.59
-3.38 2.62
-3.3 3.67
-3.21 4.7
-3.12 5.75
-3.03 6.8
-2.95 7.83
-2.86 8.88
-2.77 9.93
-2.69 10.96
-2.6 12.01
-2.51 13.06

-99829039_4
0.98 12.77
0.89 11.73
0.8 10.69
0.72 9.65
0.63 8.6
0.54 7.56
0.45 6.52
0.37 5.47
0.28 4.43
0.19 3.39
0.11 2.34
0.02 1.3

142865547_1
-6.05 -4.32
-7.07 -4.32
-8.1 -4.33
-9.13 -4.33
-10.15 -4.34
-11.18 -4.34
-12.21 -4.35
-13.23 -4.36
-14.26 -4.36
-15.29 -4.37
-16.31 -4.37
-17.34 -4.38
-18.37 -4.38
-19.4 -4.39
-20.42 -4.39
-21.45 -4.4
-22.48 -4.4
-23.5 -4.41
-24.53 -4.42
-25.56 -4.42
-26.58 -4.43
-27.61 -4.43
-28.64 -4.44
-29.66 -4.44
-30.69 -4.45
-31.72 -4.45
-32.75 -4.46
-33.77 -4.46
-34.8 -4.47
-35.83 -4.48
-36.85 -4.48
-37.88 -4.49
-38.91 -4.49
-39.93 -4.5
-40.96 -4.5
-41.99 -4.51
-43.02 -4.51

-142865547_1
-43.04 -1.01
-42.02 -1.01
-40.99 -1.0
-39.96 -1.0
-38.94 -0.99
-37.91 -0.99
-36.88 -0.98
-35.86 -0.98
-34.83 -0.97
-33.8 -0.96
-32.78 -0.96
-31.75 -0.95
-30.72 -0.95
-29.69 -0.94
-28.67 -0.94
-27.64 -0.93
-26.61 -0.93
-25.59 -0.92
-24.56 -0.92
-23.53 -0.91
-22.51 -0.9
-21.48 -0.9
-20.45 -0.89
-19.43 -0.89
-18.4 -0.88
-17.37 -0.88
-16.34 -0.87
-15.32 -0.87
-14.29 -0.86
-13.26 -0.86
-12.24 -0.85
-11.21 -0.84
-10.18 -0.84
-9.16 -0.83
-8.13 -0.83
-7.1 -0.82
-6.07 -0.82

142865548_1
-4.95 82.2
-6.05 82.18
-7.14 82.15
-8.23 82.14
-9.33 82.13
-10.42 82.13
-11.51 82.15
-12.6 82.19
-13.68 82.25
-14.75 82.33
-15.83 82.45
-16.89 82.59
-17.95 82.76
-19.01 82.97
-20.05 83.22
-21.08 83.51
-22.1 83.83
-23.12 84.19
-24.12 84.58
-25.12 85.0
-26.1 85.45
-27.08 85.94
-28.03 86.44
-28.99 86.98
-29.92 87.54
-30.84 88.13
-31.74 88.74
-32.64 89.37
-33.51 90.02
-34.37 90.7
-35.22 91.4
-36.03 92.12
-36.82 92.87
-37.58 93.65
-38.3 94.45
-38.98 95.29
-39.64 96.16
-39.73 96.3
-39.84 96.44
-39.94 96.59
-40.04 96.74

-142865548_1
-37.16 98.73
-37.07 98.6
-36.98 98.47
-36.89 98.34
-36.79 98.2
-36.15 97.34
-35.46 96.52
-34.72 95.73
-33.95 94.97
-33.15 94.24
-32.32 93.54
-31.46 92.86
-30.58 92.21
-29.72 91.6
-28.83 91.0
-27.93 90.44
-27.02 89.89
-26.1 89.38
-25.15 88.89
-24.2 88.43
-23.23 88.0
-22.27 87.61
-21.28 87.25
-20.28 86.93
-19.28 86.64
-18.26 86.39
-17.19 86.18
-16.12 86.0
-15.03 85.87
-13.93 85.76
-12.84 85.69
-11.74 85.64
-10.63 85.62
-9.51 85.61
-8.4 85.62
-7.29 85.64
-6.18 85.67
-5.05 85.7

142865548_2
-46.23 106.54
-46.57 107.55
-46.9 108.57
-47.23 109.59
-47.55 110.6
-47.87 111.62
-48.17 112.64
-48.46 113.67
-48.73 114.69
-48.98 115.7
-49.21 116.73
-49.42 117.75
-49.61 118.78
-49.76 119.81
-49.89 120.84
-49.98 121.88
-50.04 122.91
-50.07 123.95
-50.05 124.99
-50.0 126.03
-49.91 127.06
-49.79 128.11
-49.63 129.14
-49.45 130.18
-49.23 131.21
-48.99 132.24
-48.73 133.26
-48.44 134.28
-48.13 135.28
-47.8 136.29
-47.41 137.4
-46.99 138.49
-46.53 139.57
-46.04 140.64
-45.51 141.69
-44.94 142.71
-44.31 143.72
-43.62 144.7
-42.88 145.64
-42.09 146.55
-41.26 147.4
-40.38 148.2
-39.45 148.93
-38.48 149.59
-37.57 150.11
-36.63 150.57
-35.65 150.98
-34.66 151.32
-33.64 151.62
-32.6 151.88
-31.54 152.09
-30.47 152.27
-29.39 152.42
-28.3 152.54
-27.19 152.65
-26.08 152.74
-24.97 152.81
-23.85 152.89
-22.73 152.96
-21.62 153.03
-20.51 153.12
-19.4 153.22
-18.26 153.34
-17.11 153.49
-15.98 153.65
-14.85 153.83
-13.72 154.02
-12.61 154.22
-11.49 154.42
-10.38 154.64
-9.27 154.86
-8.16 155.08

-142865548_2
-7.46 151.65
-8.49 151.44
-9.53 151.22
-10.57 151.01
-11.61 150.81
-12.66 150.62
-13.71 150.43
-14.77 150.26
-15.83 150.1
-16.9 149.96
-17.98 149.84
-19.07 149.74
-20.14 149.66
-21.22 149.59
-22.31 149.54
-23.41 149.49
-24.49 149.44
-25.58 149.38
-26.66 149.31
-27.74 149.22
-28.79 149.11
-29.85 148.97
-30.88 148.79
-31.9 148.56
-32.89 148.3
-33.86 147.97
-34.8 147.59
-35.72 147.15
-36.61 146.63
-37.52 145.99
-38.39 145.27
-39.22 144.47
-40.0 143.63
-40.72 142.73
-41.38 141.79
-42.03 140.76
-42.62 139.68
-43.15 138.59
-43.63 137.47
-44.07 136.33
-44.48 135.17
-44.84 134.08
-45.17 132.98
-45.47 131.87
-45.74 130.75
-45.98 129.63
-46.18 128.5
-46.35 127.37
-46.47 126.23
-46.54 125.1
-46.57 123.97
-46.55 122.94
-46.49 121.91
-46.39 120.88
-46.26 119.85
-46.09 118.83
-45.9 117.81
-45.68 116.79
-45.43 115.77
-45.16 114.76
-44.87 113.73
-44.57 112.72
-44.26 111.71
-43.93 110.7
-43.6 109.68
-43.26 108.67
-42.91 107.65

142865552_1
-3.46 -118.22
-4.58 -118.3
-5.71 -118.37
-6.84 -118.44
-7.97 -118.49
-9.1 -118.51
-10.21 -118.51
-11.33 -118.48
-12.43 -118.41
-13.53 -118.29
-14.61 -118.13
-15.69 -117.92
-16.75 -117.64
-18.11 -117.19
-19.46 -116.66
-20.78 -116.08
-21.76 -115.62
-22.74 -115.14
-23.72 -114.65
-24.68 -114.14
-25.64 -113.62
-26.59 -113.09
-27.53 -112.55
-28.47 -111.99
-29.4 -111.43
-30.32 -110.85
-31.24 -110.26
-32.12 -109.69
-33.0 -109.11
-33.88 -108.51
-34.74 -107.91
-35.61 -107.3
-36.46 -106.69
-37.32 -106.06
-38.16 -105.43
-39.0 -104.78
-39.82 -104.14
-40.65 -103.47
-41.54 -102.74
-42.44 -101.99
-43.31 -101.24
-44.18 -100.47
-45.04 -99.69
-45.89 -98.88
-46.72 -98.07
-47.55 -97.23
-48.37 -96.37
-49.11 -95.57
-49.83 -94.74
-50.54 -93.89
-51.22 -93.03
-51.87 -92.14
-52.48 -91.23
-53.05 -90.31
-53.57 -89.36
-54.03 -88.39
-54.44 -87.4
-54.78 -86.38
-55.05 -85.32
-55.25 -84.24
-55.39 -83.15
-55.45 -82.04
-55.46 -80.92
-55.41 -79.79
-55.29 -78.67
-55.13 -77.55
-54.91 -76.44
-54.65 -75.34
-54.34 -74.26
-53.98 -73.18
-53.61 -72.2
-53.2 -71.23
-52.76 -70.28
-52.3 -69.35
-51.81 -68.43
-51.29 -67.53
-50.75 -66.64
-50.19 -65.77
-49.61 -64.9
-49.02 -64.04
-48.41 -63.19
-47.8 -62.35
-47.17 -61.51
-46.54 -60.67
-45.9 -59.84
-45.26 -59.01

-142865552_1
-42.49 -61.15
-43.13 -61.97
-43.77 -62.79
-44.4 -63.62
-45.03 -64.45
-45.65 -65.29
-46.25 -66.13
-46.84 -66.99
-47.41 -67.85
-47.96 -68.73
-48.48 -69.61
-48.98 -70.53
-49.45 -71.44
-49.9 -72.39
-50.3 -73.35
-50.67 -74.34
-51.03 -75.41
-51.33 -76.51
-51.58 -77.63
-51.77 -78.74
-51.9 -79.88
-51.96 -81.01
-51.95 -82.12
-51.86 -83.23
-51.68 -84.32
-51.42 -85.38
-51.06 -86.44
-50.61 -87.47
-50.08 -88.48
-49.49 -89.46
-48.83 -90.41
-48.13 -91.33
-47.39 -92.24
-46.61 -93.11
-45.82 -93.97
-45.04 -94.78
-44.25 -95.58
-43.46 -96.36
-42.65 -97.12
-41.82 -97.87
-41.0 -98.61
-40.16 -99.33
-39.32 -100.04
-38.46 -100.75
-37.59 -101.44
-36.7 -102.13
-35.82 -102.81
-34.92 -103.48
-34.0 -104.15
-33.09 -104.8
-32.17 -105.44
-31.24 -106.07
-30.31 -106.7
-29.36 -107.31
-28.4 -107.93
-27.42 -108.53
-26.44 -109.13
-25.45 -109.71
-24.45 -110.27
-23.45 -110.83
-22.44 -111.36
-21.41 -111.89
-20.38 -112.4
-19.33 -112.89
-18.17 -113.41
-16.99 -113.88
-15.78 -114.28
-14.73 -114.55
-13.67 -114.75
-12.6 -114.9
-11.51 -114.99
-10.41 -115.04
-9.31 -115.05
-8.2 -115.03
-7.09 -114.97
-5.97 -114.9
-4.85 -114.82
-3.73 -114.73

142865552_2
-37.61 -50.83
-36.54 -49.88
-35.45 -48.94
-34.33 -48.03
-33.4 -47.33
-32.45 -46.65
-31.47 -46.01
-30.47 -45.41
-29.44 -44.84
-28.4 -44.31
-27.33 -43.81
-26.26 -43.36
-25.16 -42.95
-24.01 -42.56
-22.84 -42.22
-21.65 -41.91
-20.46 -41.64
-19.27 -41.38
-18.07 -41.15
-16.94 -40.93
-15.81 -40.73
-14.67 -40.53
-13.54 -40.34
-12.4 -40.15
-11.27 -39.97
-10.13 -39.79
-9.0 -39.61
-7.86 -39.43

-142865552_2
-7.32 -42.89
-8.44 -43.07
-9.56 -43.24
-10.68 -43.42
-11.8 -43.6
-12.92 -43.78
-14.04 -43.97
-15.16 -44.17
-16.28 -44.37
-17.4 -44.58
-18.51 -44.8
-19.62 -45.03
-20.72 -45.29
-21.82 -45.57
-22.9 -45.88
-23.99 -46.24
-25.07 -46.65
-26.15 -47.12
-27.21 -47.62
-28.25 -48.18
-29.27 -48.77
-30.26 -49.4
-31.22 -50.07
-32.16 -50.77
-33.22 -51.63
-34.25 -52.52
-35.27 -53.43

142865549_1
-45.13 -50.29
-45.4 -49.22
-45.66 -48.13
-45.93 -47.05
-46.19 -45.96
-46.46 -44.87
-46.72 -43.8
-46.99 -42.71
-47.25 -41.63
-47.52 -40.54
-47.79 -39.45

-142865549_1
-44.39 -38.61
-44.13 -39.69
-43.86 -40.78
-43.6 -41.86
-43.33 -42.95
-43.06 -44.03
-42.8 -45.11
-42.53 -46.2
-42.27 -47.28
-42.0 -48.36
-41.74 -49.45

142865549_2
-48.79 -31.14
-48.79 -30.09
-48.79 -29.03
-48.79 -27.97
-48.79 -26.91
-48.79 -25.85
-48.79 -24.79
-48.79 -23.73
-48.79 -22.68
-48.79 -21.62
-48.79 -20.56
-48.79 -19.5
-48.79 -18.44
-48.79 -17.38
-48.79 -16.32
-48.79 -15.26
-48.79 -14.21
-48.79 -13.15
-48.79 -12.09
-48.79 -11.03
-48.78 -9.97
-48.78 -8.91
-48.78 -7.85
-48.78 -6.79

-142865549_2
-45.28 -6.79
-45.28 -7.84
-45.28 -8.9
-45.28 -9.96
-45.29 -11.02
-45.29 -12.08
-45.29 -13.14
-45.29 -14.2
-45.29 -15.25
-45.29 -16.31
-45.29 -17.37
-45.29 -18.43
-45.29 -19.49
-45.29 -20.55
-45.29 -21.61
-45.29 -22.67
-45.29 -23.72
-45.29 -24.78
-45.29 -25.84
-45.29 -26.9
-45.29 -27.96
-45.29 -29.02
-45.29 -30.08
-45.29 -31.14

142865547_2
-51.11 -3.93
-52.4 -3.83
-53.68 -3.71
-54.95 -3.54
-56.21 -3.3
-57.43 -2.96
-58.55 -2.54
-59.65 -2.02
-60.71 -1.42
-61.72 -0.74
-62.69 0.01
-63.61 0.81
-64.37 1.54
-65.08 2.3
-65.75 3.09
-66.39 3.91
-66.99 4.76
-67.55 5.64
-68.08 6.54
-68.57 7.47
-69.03 8.42
-69.46 9.39
-69.85 10.38
-70.22 11.39
-70.55 12.43
-70.87 13.54
-71.15 14.67
-71.39 15.8
-71.58 16.95
-71.72 18.09
-71.8 19.23
-71.83 20.36
-71.78 21.48
-71.67 22.58
-71.49 23.66
-71.23 24.72
-70.88 25.74
-70.47 26.7
-69.98 27.63
-69.43 28.52
-68.82 29.41
-68.16 30.26
-67.46 31.09
-66.72 31.91
-65.96 32.71
-65.18 33.49
-64.38 34.27
-63.53 35.08
-62.67 35.88
-61.8 36.65
-60.92 37.39
-60.01 38.09
-59.08 38.74
-58.12 39.33
-57.13 39.86
-56.1 40.33
-54.9 40.76
-53.65 41.13
-52.39 41.47

-142865547_2
-51.51 38.08
-53.16 37.64
-54.77 37.09
-55.76 36.63
-56.72 36.09
-57.65 35.48
-58.54 34.81
-59.41 34.1
-60.26 33.34
-61.11 32.56
-61.95 31.76
-62.8 30.92
-63.65 30.08
-64.47 29.22
-65.24 28.34
-65.96 27.43
-66.6 26.49
-67.16 25.52
-67.61 24.5
-67.94 23.49
-68.16 22.43
-68.3 21.34
-68.34 20.24
-68.31 19.11
-68.2 17.97
-68.03 16.84
-67.8 15.7
-67.52 14.56
-67.2 13.44
-66.86 12.39
-66.48 11.36
-66.07 10.36
-65.61 9.38
-65.12 8.43
-64.59 7.5
-64.01 6.61
-63.39 5.75
-62.73 4.93
-62.02 4.14
-61.25 3.39
-60.37 2.63
-59.44 1.94
-58.45 1.32
-57.42 0.79
-56.35 0.37
-55.3 0.07
-54.21 -0.13
-53.12 -0.27
-52.0 -0.37
-50.88 -0.44

142865547_3
-44.17 42.8
-43.15 42.82
-42.13 42.85
-41.1 42.87
-40.08 42.9
-39.05 42.93
-38.03 42.95
-37.0 42.98
-35.98 43.0
-34.95 43.03
-33.93 43.06
-32.9 43.08
-31.88 43.11
-30.85 43.13
-29.83 43.16
-28.81 43.19
-27.78 43.21
-26.76 43.24
-25.73 43.27
-24.71 43.29
-23.68 43.32
-22.66 43.34
-21.63 43.37
-20.61 43.4
-19.58 43.42
-18.56 43.45
-17.54 43.47
-16.52 43.5
-15.5 43.53
-14.47 43.55
-13.45 43.58
-12.42 43.6
-11.4 43.63
-10.37 43.66
-9.35 43.68
-8.32 43.71
-7.3 43.74
-6.27 43.76
-5.25 43.79
-4.22 43.81

-142865547_3
-4.12 40.31
-5.14 40.29
-6.16 40.26
-7.19 40.24
-8.21 40.21
-9.24 40.18
-10.26 40.16
-11.29 40.13
-12.31 40.11
-13.34 40.08
-14.36 40.05
-15.39 40.03
-16.41 40.0
-17.44 39.98
-18.46 39.95
-19.48 39.92
-20.51 39.9
-21.53 39.87
-22.56 39.85
-23.58 39.82
-24.61 39.79
-25.63 39.77
-26.66 39.74
-27.68 39.71
-28.71 39.69
-29.73 39.66
-30.75 39.64
-31.77 39.61
-32.79 39.58
-33.82 39.56
-34.84 39.53
-35.87 39.51
-36.89 39.48
-37.92 39.45
-38.94 39.43
-39.97 39.4
-40.99 39.38
-42.02 39.35
-43.04 39.32
-44.07 39.3

142865551_1
-49.7 45.01
-49.66 46.04
-49.62 47.07
-49.57 48.1
-49.53 49.13
-49.49 50.16
-49.44 51.19
-49.4 52.22
-49.36 53.25
-49.31 54.28
-49.27 55.3
-49.23 56.33
-49.19 57.36
-49.14 58.39
-49.1 59.42
-49.06 60.45
-49.01 61.48
-48.97 62.51
-48.93 63.54
-48.88 64.57
-48.84 65.6
-48.8 66.62
-48.75 67.65
-48.71 68.68

-142865551_1
-45.21 68.54
-45.26 67.51
-45.3 66.49
-45.34 65.46
-45.39 64.43
-45.43 63.4
-45.47 62.37
-45.52 61.34
-45.56 60.31
-45.6 59.28
-45.65 58.25
-45.69 57.22
-45.73 56.19
-45.77 55.17
-45.82 54.14
-45.86 53.11
-45.9 52.08
-45.95 51.05
-45.99 50.02
-46.03 48.99
-46.08 47.96
-46.12 46.93
-46.16 45.9
-46.2 44.87

142865551_2
-48.11 79.73
-48.02 80.82
-47.94 81.91
-47.85 83.0
-47.77 84.09
-47.68 85.19
-47.6 86.27
-47.51 87.37
-47.43 88.46
-47.34 89.55
-47.26 90.64
-47.18 91.74
-47.09 92.82
-47.01 93.92
-46.92 95.01
-46.84 96.1

-142865551_2
-43.35 95.84
-43.43 94.75
-43.51 93.67
-43.6 92.57
-43.68 91.48
-43.77 90.39
-43.85 89.3
-43.94 88.2
-44.02 87.12
-44.11 86.02
-44.19 84.93
-44.28 83.84
-44.36 82.75
-44.45 81.65
-44.53 80.57
-44.62 79.47

99829039_2
-1.4 -112.66
-1.41 -111.66
-1.43 -110.65
-1.44 -109.64
-1.46 -108.63
-1.47 -107.62
-1.49 -106.61
-1.5 -105.6
-1.51 -104.59
-1.53 -103.58
-1.54 -102.57
-1.56 -101.56
-1.57 -100.55
-1.59 -99.54
-1.6 -98.53
-1.62 -97.52
-1.63 -96.51
-1.64 -95.5
-1.66 -94.49
-1.67 -93.48
-1.69 -92.47
-1.7 -91.46
-1.72 -90.45
-1.73 -89.44
-1.75 -88.43
-1.76 -87.42
-1.77 -86.42
-1.79 -85.41
-1.8 -84.4
-1.82 -83.39
-1.83 -82.38
-1.85 -81.37
-1.86 -80.36
-1.87 -79.36
-1.89 -78.35
-1.9 -77.34
-1.92 -76.33
-1.93 -75.32
-1.95 -74.31
-1.96 -73.3
-1.98 -72.29
-1.99 -71.28
-2.0 -70.27
-2.02 -69.26
-2.03 -68.25
-2.05 -67.24
-2.06 -66.23
-2.08 -65.22
-2.09 -64.21
-2.11 -63.2
-2.12 -62.19
-2.13 -61.18
-2.15 -60.17
-2.16 -59.16
-2.18 -58.15
-2.19 -57.14
-2.21 -56.13
-2.22 -55.12
-2.24 -54.11
-2.25 -53.1
-2.26 -52.09
-2.28 -51.08
-2.29 -50.07
-2.31 -49.06
-2.32 -48.05
-2.34 -47.04

-99829039_2
1.16 -46.98
1.18 -47.98
1.19 -48.99
1.21 -50.0
1.22 -51.01
1.23 -52.02
1.25 -53.03
1.26 -54.04
1.28 -55.05
1.29 -56.06
1.31 -57.07
1.32 -58.08
1.34 -59.09
1.35 -60.1
1.36 -61.11
1.38 -62.12
1.39 -63.13
1.41 -64.14
1.42 -65.15
1.44 -66.16
1.45 -67.17
1.47 -68.18
1.48 -69.19
1.49 -70.2
1.51 -71.21
1.52 -72.22
1.54 -73.23
1.55 -74.24
1.57 -75.25
1.58 -76.26
1.6 -77.27
1.61 -78.28
1.62 -79.29
1.64 -80.29
1.65 -81.3
1.67 -82.31
1.68 -83.32
1.7 -84.33
1.71 -85.34
1.73 -86.35
1.74 -87.36
1.75 -88.37
1.77 -89.38
1.78 -90.39
1.8 -91.4
1.81 -92.41
1.83 -93.42
1.84 -94.43
1.86 -95.44
1.87 -96.45
1.88 -97.46
1.9 -98.47
1.91 -99.47
1.93 -100.48
1.94 -101.49
1.96 -102.5
1.97 -103.51
1.99 -104.52
2.0 -105.53
2.01 -106.54
2.03 -107.55
2.04 -108.56
2.06 -109.57
2.07 -110.58
2.09 -111.59
2.1 -112.6

99829039_6
-2.58 -36.07
-2.62 -35.02
-2.66 -33.97
-2.7 -32.92
-2.74 -31.87
-2.77 -30.82
-2.81 -29.77
-2.85 -28.71
-2.89 -27.66
-2.93 -26.61
-2.97 -25.56
-3.01 -24.5
-3.04 -23.45
-3.08 -22.4
-3.12 -21.34
-3.16 -20.29
-3.2 -19.24
-3.24 -18.19
-3.27 -17.14
-3.31 -16.09
-3.35 -15.04
-3.39 -13.98
-3.43 -12.93
-3.47 -11.88
-3.51 -10.83
-3.54 -9.77
-3.58 -8.72
-3.62 -7.67
-3.66 -6.61

-99829039_6
-0.16 -6.48
-0.12 -7.53
-0.09 -8.58
-0.05 -9.63
-0.01 -10.69
0.03 -11.74
0.07 -12.79
0.11 -13.84
0.15 -14.89
0.18 -15.94
0.22 -16.99
0.26 -18.05
0.3 -19.1
0.34 -20.15
0.38 -21.21
0.41 -22.26
0.45 -23.31
0.49 -24.36
0.53 -25.42
0.57 -26.47
0.61 -27.52
0.65 -28.57
0.68 -29.62
0.72 -30.67
0.76 -31.72
0.8 -32.78
0.84 -33.83
0.88 -34.88
0.92 -35.94

99829039_3
-2.13 20.92
-2.12 21.99
-2.1 23.07
-2.09 24.15
-2.07 25.23
-2.06 26.31
-2.05 27.39
-2.03 28.47
-2.02 29.55
-2.0 30.62
-1.99 31.7
-1.97 32.78
-1.96 33.86
-1.94 34.94
-1.93 36.02
-1.91 37.1
-1.9 38.18

-99829039_3
1.6 38.14
1.59 37.07
1.57 35.99
1.56 34.91
1.54 33.83
1.53 32.75
1.51 31.67
1.5 30.59
1.48 29.51
1.47 28.44
1.45 27.36
1.44 26.28
1.43 25.2
1.41 24.12
1.4 23.04
1.38 21.96
1.37 20.88

99829039_7
-2.0 46.13
-2.02 47.14
-2.04 48.16
-2.06 49.18
-2.08 50.2
-2.1 51.21
-2.12 52.23
-2.14 53.25
-2.16 54.27
-2.18 55.28
-2.2 56.3
-2.22 57.32
-2.25 58.34
-2.27 59.35
-2.29 60.37
-2.31 61.39
-2.33 62.41
-2.35 63.42
-2.37 64.44
-2.39 65.46
-2.41 66.48
-2.43 67.49
-2.45 68.51
-2.47 69.53
-2.49 70.55
-2.51 71.55
-2.53 72.57
-2.55 73.59
-2.57 74.61
-2.59 75.62
-2.61 76.64
-2.63 77.66
-2.66 78.68
-2.68 79.7

-99829039_7
0.82 79.77
0.84 78.77
0.86 77.75
0.89 76.73
0.91 75.71
0.93 74.7
0.95 73.68
0.97 72.66
0.99 71.64
1.01 70.63
1.03 69.61
1.05 68.59
1.07 67.57
1.09 66.56
1.11 65.54
1.13 64.52
1.15 63.5
1.17 62.49
1.19 61.47
1.21 60.45
1.23 59.43
1.25 58.42
1.27 57.4
1.29 56.38
1.32 55.36
1.34 54.35
1.36 53.33
1.38 52.31
1.4 51.29
1.42 50.28
1.44 49.26
1.46 48.24
1.48 47.22
1.5 46.2

99829039_5
-2.84 87.82
-2.8 88.85
-2.75 89.88
-2.7 90.91
-2.65 91.95
-2.61 92.97
-2.56 94.01
-2.51 95.03
-2.47 96.07
-2.43 97.1
-2.39 98.13
-2.34 99.16
-2.31 100.19
-2.27 101.22
-2.23 102.26
-2.2 103.28
-2.17 104.32
-2.14 105.34
-2.11 106.38
-2.08 107.4
-2.06 108.43
-2.04 109.46
-2.03 110.49
-2.01 111.51
-2.0 112.55
-1.99 113.57
-1.99 114.6
-1.99 115.62
-1.99 116.66
-2.0 117.69
-2.01 118.71
-2.02 119.74
-2.04 120.76
-2.07 121.79
-2.09 122.81
-2.13 123.84
-2.16 124.86
-2.21 125.88
-2.25 126.9
-2.3 127.93
-2.36 128.94
-2.42 129.97
-2.49 130.98
-2.57 132.01
-2.65 133.02
-2.73 134.05
-2.82 135.06
-2.92 136.08
-3.03 137.09
-3.14 138.12
-3.25 139.13
-3.38 140.15
-3.51 141.16
-3.65 142.17
-3.79 143.18
-3.95 144.2
-4.11 145.21
-4.3 146.35
-4.49 147.49
-4.69 148.62
-4.9 149.77

-99829039_5
-1.45 150.39
-1.25 149.24
-1.05 148.09
-0.85 146.94
-0.65 145.79
-0.5 144.78
-0.34 143.77
-0.2 142.76
-0.06 141.76
0.07 140.75
0.2 139.74
0.31 138.73
0.43 137.71
0.53 136.7
0.63 135.69
0.72 134.68
0.81 133.66
0.89 132.65
0.97 131.64
1.04 130.62
1.1 129.6
1.16 128.59
1.21 127.57
1.26 126.55
1.31 125.54
1.34 124.52
1.38 123.5
1.41 122.48
1.43 121.46
1.46 120.44
1.47 119.42
1.49 118.4
1.49 117.38
1.5 116.36
1.5 115.34
1.5 114.31
1.5 113.29
1.49 112.27
1.48 111.25
1.46 110.22
1.44 109.2
1.42 108.17
1.4 107.15
1.38 106.13
1.35 105.1
1.32 104.08
1.29 103.05
1.25 102.03
1.22 101.0
1.18 99.98
1.14 98.95
1.1 97.92
1.06 96.9
1.02 95.87
0.98 94.85
0.93 93.82
0.89 92.79
0.84 91.77
0.79 90.74
0.75 89.71
0.7 88.69
0.65 87.66

99829039_8
-5.35 158.12
-5.28 159.23
-5.21 160.34
-5.14 161.45
-5.07 162.56
-5.0 163.67
-4.93 164.78
-4.86 165.9
-4.79 167.0
-4.72 168.11
-4.65 169.23
-4.58 170.34
-4.51 171.44
-4.43 172.56

-99829039_8
-0.94 172.35
-1.01 171.24
-1.08 170.13
-1.15 169.03
-1.22 167.91
-1.29 166.8
-1.36 165.69
-1.44 164.57
-1.51 163.47
-1.58 162.36
-1.65 161.24
-1.72 160.13
-1.79 159.03
-1.86 157.91
